2.425889
3.585567
3.891038
2.765381
2.366268
2.564568
2.300965
2.265142
2.407304
2.268386
2.220687
2.180100
2.162748
2.250037
2.061864
2.056560
2.088571
1.989404
2.081594
2.105580
2.016330
2.176709
2.109671
1.935072
2.036906
1.977553
2.031550
1.944010
2.111048
1.996934
2.042327
1.979951
1.924014
2.063148
1.884042
1.996394
1.857244
1.938850
2.011176
1.758704
2.028280
1.929268
1.835640
1.978399
1.907373
1.724602
1.722960
2.005750
1.850033
1.775502
1.783393
1.827217
1.767895
1.751837
1.950319
1.977139
1.840360
1.873561
1.870824
1.787539
1.760761
1.692314
1.894441
1.634130
1.844119
1.865420
1.821872
1.741258
1.743384
1.743945
1.744656
1.684387
1.785968
1.737429
1.718114
1.698541
1.746063
1.794259
1.797784
1.596213
1.731652
1.787801
1.694604
1.816931
1.758850
1.709190
1.667030
1.754130
1.681629
1.606562
1.572855
1.705851
1.708364
1.716997
1.850461
1.748900
1.696455
1.659730
1.675586
1.771789
1.836989
1.811643
1.954899
1.632845
1.707546
1.697523
1.759091
1.754858
1.578752
1.728301
1.623288
1.821447
1.533388
1.652267
1.611605
1.564484
1.743526
1.527428
1.642919
1.410398
1.546347
1.695814
1.654557
1.572621
1.743709
1.700625
1.589728
1.795740
1.751850
1.572153
1.628665
1.618357
1.718034
1.545205
1.636091
1.616049
1.487339
1.541207
1.688018
1.677009
1.649501
1.675064
1.559570
1.745587
1.540488
1.704624
1.556170
1.712969
1.600756
1.710019
1.479192
1.598101
1.623947
1.819715
1.769362
1.505233
1.679294
1.522073
1.541772
1.563151
1.539041
1.570310
1.424244
1.667761
1.345891
1.355945
1.427741
1.537581
1.602812
1.498577
1.454255
1.765634
1.735930
1.659362
1.795349
1.578467
1.521966
1.471354
1.569903
1.744631
1.476318
1.604351
1.713620
1.512468
1.564293
1.612472
1.486474
1.561021
1.569881
1.494382
1.530942
1.407260
1.439541
1.625513
1.505047
1.383915
1.381385
1.424639
1.388520
1.475823
1.442486
1.556762
1.429243
1.382621
1.346788
1.639798
1.424913
1.338031
1.497406
1.664677
1.652776
1.508436
1.556932
1.540123
1.505438
1.465806
1.626637
1.664165
1.529579
1.397486
1.283906
1.519633
1.340293
1.444744
1.470025
1.536645
1.282669
1.451990
1.380162
1.438702
1.674858
1.507082
1.390232
1.278041
1.675871
1.567723
1.432601
1.458364
1.469641
1.376067
1.447347
1.370958
1.287613
1.561885
1.363148
1.343481
1.327007
1.472061
1.350117
1.711301
1.533725
1.435872
1.509024
1.456358
1.464556
1.348170
1.362414
1.533688
1.489982
1.347746
1.305707
1.430012
1.473887
1.398593
1.365626
1.179345
1.364514
1.316743
1.418265
1.398163
1.450549
1.430877
1.274492
1.310028
1.260843
1.399888
1.373714
1.404954
1.220976
1.468060
1.252757
1.588970
1.367352
1.249113
1.358285
1.434454
1.308351
1.302935
1.346116
1.403133
1.168762
1.189986
1.257983
1.255636
1.136958
1.245760
1.435685
1.350092
1.382234
1.244624
1.256483
1.234694
1.244325
1.423890
1.527933
1.527281
1.297210
1.353845
1.393128
1.350079
1.206845
1.351128
1.388955
1.268562
1.420307
1.331466
1.332005
1.633918
1.190100
1.363712
1.448155
1.255074
1.471511
1.381372
1.102269
1.389519
1.255663
1.281440
1.180480
1.292146
1.193641
1.194896
1.161579
1.163129
1.215657
1.236911
1.312162
1.198581
1.210963
1.225943
1.276297
1.271084
1.368440
1.307626
1.089762
1.350611
1.253789
1.250121
1.228565
1.181636
1.156538
1.284922
1.235392
1.212725
1.324660
1.173620
1.130313
1.099111
1.145156
1.474316
1.281919
1.241857
1.105480
1.403999
1.156855
1.281276
1.276270
1.368342
1.197507
1.207443
1.157894
1.299585
1.285564
1.416676
1.295848
1.183471
1.133211
1.264863
1.179742
1.192033
1.052180
1.254911
1.389566
1.231893
1.223814
1.151080
1.210963
1.319273
1.217655
1.334442
1.258614
1.160170
1.216475
1.182616
1.255963
1.203889
1.344399
1.187229
1.036681
1.348255
1.186886
1.153214
1.267136
1.245112
0.987169
1.293966
1.128558
1.166173
1.337391
1.142109
1.134487
1.180926
1.151565
1.322729
1.030307
1.319322
1.099021
1.270344
1.090777
1.260741
1.119117
1.080623
1.179243
1.362176
1.096711
1.142449
1.311294
1.029779
1.132649
1.129070
1.096838
1.006922
1.192197
1.167398
1.301445
1.091141
1.053951
1.033373
1.070740
1.134046
1.134462
1.074654
1.207492
1.269111
1.162305
1.247821
1.135158
1.109669
1.151296
1.183791
1.194712
1.009415
1.253446
1.249581
1.095299
1.231205
1.118483
1.213933
1.194458
1.113444
1.094167
1.204802
0.990824
1.225575
1.082176
0.968029
1.013142
1.106817
0.987052
1.302642
1.162645
1.123154
1.219490
1.114100
1.158861
1.138216
1.195832
1.246570
1.185679
1.079456
1.130348
1.025065
1.043489
1.175699
1.257326
1.171081
1.091885
1.148457
0.954273
0.987986
1.067210
0.953676
1.183680
1.101696
1.157037
1.156314
1.065712
1.115443
1.234855
1.196525
1.065016
1.125930
0.908391
1.053362
1.343057
1.097822
1.147602
1.009558
1.091775
1.065383
0.921508
1.287803
1.190204
1.073544
1.168859
1.066005
0.990264
1.007930
1.064795
1.137677
1.233702
1.171951
1.083526
1.018700
1.015686
1.021191
1.050239
1.045584
0.976592
1.036982
1.165126
0.918711
1.154137
1.096730
1.100602
0.992721
1.186632
0.856321
1.107208
1.177331
1.213904
1.058114
0.966602
0.936473
1.009540
1.173000
1.099948
0.950128
1.100836
1.154457
1.184498
0.952437
1.370190
1.128972
1.204730
1.129633
0.921746
1.274982
1.059913
0.951904
1.122103
1.179038
0.909796
0.993996
1.168695
1.031744
1.111958
0.928381
1.063717
1.106101
1.111150
1.183184
1.085085
1.008986
1.098746
1.177998
1.052760
1.145025
0.906323
0.989378
1.152019
0.937479
1.290905
1.023288
1.093483
1.037776
1.021981
1.076117
1.063255
1.005744
1.154859
0.942341
0.899265
1.056488
1.041233
1.206377
0.983069
0.965425
0.947264
1.100063
1.167974
0.971459
1.150435
0.962992
1.029027
0.953639
1.125996
0.984290
0.949485
0.928078
0.878317
0.817533
1.052762
0.896647
1.074605
0.976200
0.861820
0.927810
1.287758
1.118927
1.041119
1.125009
1.105811
1.307758
0.914294
1.074494
1.117495
0.978058
1.026894
1.094495
0.993086
1.211194
1.112890
1.077620
1.190138
0.988915
1.117826
1.013978
0.939640
0.903023
0.858468
0.980808
1.055917
1.081257
0.975255
1.066247
0.989886
1.037694
1.016007
0.947009
1.058717
0.938442
1.143204
1.167772
1.009671
1.072524
1.266845
1.242674
0.859204
1.013004
1.005131
1.004496
0.927555
1.072021
0.921975
1.022754
0.959478
1.044699
1.102430
0.843546
0.922126
1.041139
0.871136
1.015603
1.170040
0.991875
1.030382
1.112895
1.180431
0.910073
1.102790
0.914877
0.903543
0.940512
0.954060
1.009075
0.922523
0.880314
0.903935
1.034362
1.105344
1.031081
0.905111
1.011385
0.993422
0.847567
0.921852
0.961112
0.966343
1.010661
1.124097
0.946006
1.000482
1.023325
0.800374
1.076142
1.138192
0.813381
0.993946
0.826419
1.065100
0.890383
0.874610
0.796911
0.932252
0.943272
0.771566
1.030422
0.772079
0.887167
0.944292
1.031338
0.857655
0.863782
0.896404
1.074414
0.886235
1.000623
1.004568
0.923743
0.920334
0.854177
1.050767
0.988724
1.031326
0.930955
0.976327
0.922117
0.863385
0.827284
1.063966
1.039424
1.097439
0.796954
0.882363
0.856944
1.062668
0.797241
0.901343
0.938078
0.784680
0.882662
0.992342
0.930536
0.911316
1.022295
0.818927
0.982147
1.136300
0.964004
0.973067
0.924081
0.826723
0.853117
0.985693
0.991741
0.897500
0.938555
0.897216
0.913633
0.745635
0.907198
1.003960
0.996915
1.068646
0.896600
0.893948
0.928791
0.980689
1.064041
0.909329
0.830600
0.900007
0.963676
1.014672
0.851672
0.938069
1.108628
1.040887
0.791079
0.887945
0.852534
0.758312
0.930622
1.033600
0.871754
0.953411
0.819436
0.771950
0.873974
0.907299
0.897042
0.784810
0.821219
0.967164
0.860296
0.939027
1.156979
0.811024
0.953296
1.018173
0.846515
0.866186
0.888062
0.797087
0.822483
0.896306
0.813203
0.784708
0.827141
1.029000
0.871355
0.934295
0.899062
0.781134
1.031303
0.873245
0.945542
0.753611
0.778592
0.794399
1.030920
0.971890
0.817186
0.876669
0.944970
0.804420
0.895074
0.787016
0.893582
0.948512
0.788636
1.103201
0.778302
0.875638
0.820748
0.849114
0.818762
0.883210
0.978938
0.879868
1.013051
0.772297
0.916296
0.776188
0.829618
1.054934
0.639392
0.793062
1.065894
0.970135
0.812908
0.911824
0.898089
0.761725
0.734003
0.893672
0.889143
0.853161
0.808668
0.834440
0.871998
0.880189
0.743617
0.919901
0.850206
0.890051
1.053071
0.867004
1.006625
0.987316
0.906839
0.825826
0.938052
0.795665
0.947457
0.847181
0.963236
0.834113
0.884675
1.049899
0.893515
0.758699
0.975182
0.848648
1.018241
0.774600
0.928170
0.894548
0.864056
0.785949
0.828880
0.967478
0.871113
1.010079
0.880172
0.929741
0.829094
0.939298
0.753930
0.755370
1.157079
0.979339
0.803104
1.131855
0.838532
0.833547
0.930483
1.054812
0.947084
1.021327
0.884625
0.787989
0.971061
0.874179
1.043952
0.958677
0.875015
0.924085
0.730732
1.042566
0.836642
0.827532
0.907023
0.732940
0.877102
0.899114
0.867938
0.841997
1.151370
0.829658
0.992086
0.833301
0.865104
0.953632
0.932913
0.798494
0.867668
0.781179
0.933028
0.856546
0.827862
0.760009
0.761292
0.737355
0.869336
0.818362
0.989859
0.807521
0.915958
1.014860
0.743906
0.794579
0.783461
1.055096
0.887626
0.910664
0.876770
0.874380
0.951488
0.767622
0.783945
0.970166
0.871642
0.759839
0.938005
0.871236
0.747969
0.768527
0.919254
0.791144
0.764610
0.763195
0.836311
0.666085
1.011160
0.932406
0.887721
0.790482
0.732484
0.873606
0.739231
0.852591
0.787881
0.762850
0.756109
0.805016
0.831921
0.842913
0.824247
0.726924
0.905636
0.784115
0.827833
0.699794
0.802285
0.658377
0.813697
0.823642
0.810185
0.698134
0.845704
0.914799
0.865419
0.909230
0.711262
0.920925
0.807349
0.858220
0.890473
0.773857
0.728973
0.928958
0.739123
0.775396
0.647114
0.700515
0.909700
0.862069
0.613731
0.895908
0.889288
0.930871
0.809998
0.935679
0.869323
0.755021
0.930632
0.732393
0.891326
0.705093
0.717321
0.739841
0.780342
0.817195
0.918118
0.857088
0.781174
0.861982
0.810257
0.867431
0.756146
0.848351
0.769897
0.828580
0.894967
0.823997
0.909157
0.740645
0.777830
0.800512
0.776993
0.727813
0.850501
0.715375
0.715163
0.758828
0.739538
0.700827
0.751418
0.882533
0.815694
0.794045
0.801855
0.891117
0.837056
0.756047
0.827084
0.812873
0.656466
0.929401
0.892261
0.734036
0.795131
0.763562
0.659016
0.845717
0.770144
0.801071
0.698107
0.732729
0.768092
0.746555
0.904343
0.747229
0.757932
0.844434
0.833128
0.686098
0.910273
0.813067
0.623111
1.051615
0.565643
0.746098
0.778199
0.696892
0.812485
0.940818
0.741971
0.699062
0.914781
0.702972
0.876871
0.794328
0.807811
0.812011
0.780928
0.850748
0.800813
0.728226
0.990449
0.873106
0.771913
0.588713
0.828156
0.914933
0.826822
0.912922
0.915964
0.759988
0.782525
0.943879
0.848462
0.732804
0.801437
0.802975
0.790844
0.717753
0.879443
0.829722
0.755837
0.773164
0.758346
0.802280
0.732718
0.953071
0.692977
0.797358
1.055073
0.875360
0.619497
0.698663
0.739261
0.911041
0.709996
0.794253
0.800457
0.809670
0.856202
0.875611
0.772672
0.864604
0.829926
0.696975
0.798151
0.907432
0.769525
0.605945
0.673984
0.869727
0.636382
0.748395
0.809775
0.636680
0.875929
0.640933
0.610915
0.770928
0.723402
0.734846
0.858096
0.748753
0.900567
0.642659
0.986772
0.759839
0.796390
0.686503
0.758685
0.691582
0.943394
1.090438
0.810798
0.771421
0.711492
0.608107
0.753074
0.854652
0.612414
0.950521
0.584469
0.886139
0.893215
0.758592
0.803061
0.903975
0.845117
0.902127
0.587651
0.747231
0.813923
0.772197
0.881273
0.808283
0.560666
0.763962
0.817629
0.667336
0.853420
0.818454
0.758263
0.807329
0.850437
0.600301
0.775123
0.816103
0.714935
0.648622
0.702943
0.858545
0.663017
0.663681
0.868348
0.627736
0.789856
0.479805
0.769856
0.725636
0.830650
0.707764
0.731953
1.001674
0.658946
0.719948
0.643410
0.889628
0.610068
0.795386
0.608634
0.511270
0.838050
0.552182
0.817511
0.857502
0.667741
0.817398
0.708097
0.817179
0.704046
0.761074
0.749057
0.843272
0.801994
0.682424
0.791807
0.803458
0.707095
0.689770
0.652904
0.730360
0.881810
0.804484
0.768195
0.894020
0.733291
0.797428
0.621123
0.827355
0.825671
0.683288
0.854577
0.721926
0.709588
0.699552
0.746622
0.650259
0.604264
0.666920
0.755031
0.698598
0.625604
0.652445
0.837848
0.711869
0.619620
0.838769
0.774009
0.727398
0.680427
0.693134
0.765735
0.701931
0.917726
0.906756
0.548714
0.825741
0.761118
0.796741
0.611449
0.639753
0.819345
0.694211
0.818279
0.822233
0.612459
0.674384
0.704158
0.727380
0.601597
0.660872
1.004154
0.820105
0.778027
0.670622
0.668791
0.726110
0.877513
0.950526
0.589813
0.666791
0.712722
0.856176
0.626174
0.648505
0.622442
0.849185
0.699109
0.855432
0.748594
0.653702
0.738216
0.821116
0.622118
0.903529
0.847078
0.669891
0.980977
0.643266
0.650119
0.657972
0.731216
0.646120
0.777591
0.589413
0.656182
0.825306
0.881160
0.792177
0.622589
0.844949
0.744641
0.626456
0.786218
0.733460
0.568349
0.698835
0.913820
0.694425
0.715532
0.725369
0.766014
0.833059
0.678802
0.699282
0.738185
0.776007
0.726774
0.695247
0.624163
0.572864
0.648793
0.872562
0.549551
0.785098
0.858605
0.868855
0.889332
0.680615
0.644115
0.816185
0.776507
0.657479
0.875202
0.511228
0.621829
0.576685
0.833427
0.731558
0.679144
0.676232
0.655090
0.815606
0.811650
0.719085
0.688209
0.617058
0.856715
0.608300
0.808389
0.635023
0.464501
0.753980
0.680342
0.616248
0.647390
0.745741
0.633952
0.730098
0.626066
0.591494
0.579807
0.665233
0.800041
0.640918
0.607932
0.746222
0.681111
0.477202
0.673097
0.769396
0.461439
0.764163
0.709965
1.002023
0.641085
0.739972
0.720797
0.766889
0.708542
0.557816
0.831826
0.636669
0.665178
0.712860
0.633166
0.684824
0.797381
0.766206
0.857443
0.631116
0.922781
0.544400
0.984100
0.687270
0.734835
0.699251
0.825144
0.663548
0.746025
0.695275
0.620863
0.622962
0.720217
0.728130
0.766886
0.724890
0.895840
0.829191
0.578257
0.660443
0.774008
0.506178
0.647396
0.711625
0.774526
0.611376
0.708971
0.816272
0.759213
0.601148
0.608823
0.696194
0.665966
0.637168
0.664641
0.933059
0.541043
0.533598
0.765012
0.689597
0.603991
0.854147
0.805898
0.723647
0.779283
0.573225
0.686323
0.742746
0.769107
0.548126
0.773091
0.662512
0.646965
0.619739
0.615280
0.601982
0.567299
0.527393
0.592932
0.650359
0.801123
0.604739
0.669695
0.799383
0.596362
0.835310
0.623070
0.916038
0.944753
0.911206
0.705070
0.650067
0.782039
0.667081
0.703420
0.845478
0.668391
0.693968
0.813307
0.726509
0.693732
0.637451
0.714130
0.747198
0.732941
0.845519
0.767027
0.775195
0.861709
0.683663
0.677262
0.689086
0.820991
0.744307
0.630803
0.802183
0.742579
0.757258
0.720819
0.651288
0.711931
0.649410
0.737979
0.699243
0.576849
0.756110
0.605583
0.578775
0.769860
0.630978
0.590009
0.821434
0.650787
0.689856
0.841389
0.675199
0.758388
0.586333
0.736811
0.504535
0.670427
0.769831
0.558639
0.549745
0.764380
0.655189
0.735596
0.549752
0.566305
0.749636
0.658331
0.648493
0.636384
0.659699
0.857174
0.524677
0.605549
0.660623
0.817382
0.594872
0.849536
0.697707
0.765499
0.554583
0.734237
0.912870
0.562805
0.666113
0.545081
0.747450
0.591554
0.703717
0.669496
0.687105
0.574189
0.700606
0.683747
0.678261
0.772987
0.704891
0.696784
0.689607
0.550457
0.544911
0.663447
0.596882
0.710061
0.649450
0.596445
0.481454
0.644963
0.830046
0.587162
0.682921
0.597435
0.656629
0.769022
0.651888
0.751459
0.732785
0.631549
0.540480
0.585488
0.631413
0.630729
0.522610
0.814675
0.610956
0.798474
0.708810
0.644594
0.596055
0.584177
0.679615
0.624707
0.719872
0.650715
0.754615
0.596119
0.730651
0.543348
0.721528
0.594153
0.638314
0.551224
0.657841
0.608191
0.548069
0.588693
0.791846
0.644080
0.744583
0.489835
0.771348
0.840162
0.622110
0.730172
0.704852
0.681530
0.621843
0.620509
0.576667
0.666857
0.497243
0.739774
0.814009
0.571074
0.716826
0.601588
0.546511
0.707585
0.749169
0.710006
0.680188
0.602150
0.595846
0.824557
0.644855
0.567971
0.673273
0.632556
0.507107
0.658151
0.639685
0.568032
0.494205
0.756707
0.580488
0.699584
0.703383
0.829126
0.658252
0.734592
0.749111
0.642422
0.783929
0.676365
0.540412
0.756990
0.571314
0.654072
0.678837
0.574858
0.673168
0.565776
0.434393
0.806339
0.541858
0.829892
0.627125
0.672981
0.599204
0.679510
0.669362
0.527737
0.658582
0.657381
0.725125
0.634905
0.512631
0.648454
0.755544
0.704014
0.649227
0.676197
0.639259
0.585029
0.688577
0.600573
0.467543
0.565179
0.865282
0.838027
0.602312
0.618937
0.780868
0.682972
0.749998
0.708213
0.827265
0.673024
0.542721
0.796097
0.659967
0.807151
0.654571
0.543104
0.600644
0.708976
0.542893
0.579989
0.608385
0.730303
0.613875
0.630175
0.424012
0.591852
0.631606
0.494982
0.520032
0.551140
0.670413
0.539187
0.630714
0.599250
0.638484
0.545292
0.611643
0.690059
0.579639
0.663987
0.783933
0.613207
0.620192
0.527104
0.784998
0.644687
0.685672
0.578047
0.657300
0.647533
0.606389
0.756900
0.681123
0.553635
0.658131
0.620127
0.558868
0.695210
0.571094
0.639861
0.588782
0.554491
0.596061
0.582984
0.732337
0.568082
0.544940
0.533841
0.658140
0.734137
0.493888
0.593445
0.483279
0.490856
0.746559
0.631151
0.511101
0.700942
0.614579
0.499092
0.665312
0.744049
0.671602
0.774523
0.512934
0.666353
0.664345
0.627188
0.605713
0.813243
0.547862
0.609712
0.640975
0.739586
0.517889
0.491196
0.622627
0.580986
0.623934
0.678553
0.528396
0.505520
0.468549
0.651476
0.510450
0.613003
0.520837
0.737369
0.616123
0.610551
0.648906
0.602054
0.686556
0.803380
0.525723
0.540942
0.454790
0.647374
0.715118
0.666998
0.699131
0.659666
0.669327
0.578302
0.737828
0.705284
0.668401
0.449587
0.719137
0.613140
0.587911
0.564503
0.488059
0.509085
0.630622
0.536415
0.503142
0.535399
0.660950
0.578809
0.603083
0.713219
0.739444
0.619239
0.533766
0.479906
0.699427
0.686591
0.777507
0.717404
0.467660
0.593522
0.458096
0.693801
0.664258
0.710414
0.640982
0.803700
0.827690
0.704932
0.577791
0.663993
0.647646
0.698306
0.619221
0.690505
0.770169
0.642037
0.622011
0.554978
0.623523
0.451244
0.527293
0.690668
0.435086
0.583150
0.393942
0.526724
0.585415
0.520267
0.521534
0.524189
0.579181
0.517761
0.436761
0.497744
0.621827
0.600046
0.802954
0.617785
0.578263
0.694875
0.642317
0.524329
0.494058
0.804659
0.597084
0.568634
0.677011
0.657100
0.521757
0.755221
0.460667
0.651575
0.498243
0.711949
0.480286
0.528239
0.593358
0.609102
0.518591
0.564535
0.672869
0.709401
0.576931
0.582605
0.581686
0.731332
0.595295
0.505295
0.555433
0.469884
0.543826
0.556602
0.494792
0.724400
0.515892
0.502938
0.640078
0.496977
0.601534
0.721442
0.794131
0.525650
0.643709
0.727186
0.502912
0.483804
0.561098
0.586122
0.487757
0.585611
0.646364
0.535818
0.481397
0.690990
0.487902
0.438849
0.493743
0.555764
0.588209
0.683421
0.498546
0.814475
0.548902
0.574351
0.678997
0.639829
0.636204
0.720256
0.524539
0.635089
0.497467
0.429430
0.541446
0.461272
0.531969
0.640328
0.460392
0.710467
0.600997
0.609659
0.586453
0.517238
0.599937
0.433446
0.710555
0.636910
0.559824
0.560425
0.389636
0.595245
0.625842
0.529235
0.742012
0.843208
0.440328
0.687904
0.628326
0.659920
0.462092
0.605030
0.737314
0.486259
0.492312
0.500238
0.702411
0.564393
0.679121
0.606664
0.491323
0.606589
0.668741
0.679538
0.526807
0.597795
0.651350
0.531300
0.450875
0.534195
0.757865
0.434070
0.718928
0.474677
0.770265
0.586153
0.638097
0.527102
0.589842
0.547652
0.610690
0.614912
0.564835
0.438374
0.517664
0.559510
0.368880
0.545445
0.429614
0.533293
0.444410
0.667391
0.601668
0.607507
0.672057
0.817032
0.700554
0.473246
0.561093
0.647017
0.533352
0.530040
0.641882
0.665024
0.898017
0.722786
0.655987
0.581908
0.462468
0.452037
0.419352
0.644092
0.480220
0.729963
0.536146
0.439616
0.467413
0.783266
0.707523
0.466847
0.776722
0.552190
0.568215
0.540168
0.665414
0.637114
0.555003
0.577168
0.637623
0.498643
0.609310
0.481506
0.609544
0.635210
0.614009
0.617544
0.593132
0.494148
0.659896
0.564685
0.558161
0.820794
0.548218
0.543465
0.471301
0.643318
0.634961
0.547017
0.751599
0.619934
0.519869
0.470836
0.754832
0.407781
0.758112
0.602942
0.698048
0.842026
0.680306
0.556228
0.538715
0.571596
0.745520
0.548842
0.517165
0.568243
0.600730
0.588914
0.579797
0.487786
0.473523
0.416791
0.735201
0.498493
0.603783
0.601989
0.496985
0.595484
0.548433
0.554414
0.592121
0.472810
0.688839
0.684842
0.535682
0.491837
0.483259
0.588901
0.712031
0.643141
0.497442
0.446942
0.737814
0.724210
0.588845
0.823030
0.596402
0.756933
0.590461
0.583279
0.693925
0.494175
0.540876
0.562139
0.562249
0.631555
0.542920
0.497452
0.453719
0.732341
0.605675
0.723675
0.576519
0.684832
0.538338
0.538031
0.549031
0.565011
0.492186
0.698146
0.525977
0.600653
0.838815
0.440373
0.636344
0.536178
0.648990
0.565238
0.743616
0.522227
0.560417
0.487440
0.574324
0.595757
0.511140
0.589106
0.601888
0.478598
0.510347
0.457743
0.870834
0.536820
0.546876
0.458606
0.468893
0.527324
0.389364
0.455656
0.638320
0.610527
0.582199
0.561170
0.513197
0.729691
0.600778
0.525387
0.475460
0.550073
0.759853
0.384735
0.483495
0.769567
0.390426
0.673575
0.563402
0.673791
0.609632
0.680830
0.531933
0.444973
0.618723
0.564110
0.555070
0.700075
0.559792
0.522966
0.594640
0.518881
0.642815
0.691492
0.657746
0.558503
0.543976
0.534136
0.530667
0.420616
0.634244
0.572216
0.591056
0.541742
0.568247
0.576830
0.604373
0.501195
0.428487
0.512956
0.601924
0.468199
0.512300
0.614457
0.822706
0.527880
0.565329
0.683032
0.450056
0.561179
0.603846
0.664324
0.428671
0.504459
0.395175
0.528097
0.558782
0.628728
0.631709
0.514620
0.714921
0.477919
0.570165
0.471945
0.566796
0.597530
0.774190
0.792874
0.607725
0.558030
0.452709
0.632707
0.739770
0.637600
0.460585
0.469789
0.628429
0.511859
0.525874
0.530271
0.584597
0.519788
0.447117
0.552970
0.489293
0.532756
0.581421
0.723709
0.576108
0.454881
0.568558
0.428600
0.736143
0.617334
0.379473
0.602026
0.551584
0.514218
0.494063
0.694452
0.452501
0.574803
0.561654
0.641143
0.524898
0.464777
0.442326
0.568204
0.453192
0.755238
0.574420
0.675631
0.468803
0.458043
0.548167
0.576270
0.544320
0.602968
0.553014
0.545358
0.508502
0.590633
0.544767
0.556664
0.419359
0.352255
0.512447
0.642228
0.488981
0.501998
0.463051
0.467092
0.415924
0.468637
0.627199
0.527351
0.506124
0.409010
0.684030
0.568834
0.607825
0.538889
0.476184
0.699569
0.568192
0.511627
0.557432
0.667366
0.505893
0.623808
0.513612
0.513356
0.622918
0.516605
0.538168
0.497323
0.698643
0.715005
0.686651
0.744327
0.616835
0.427891
0.697308
0.505961
0.591067
0.364391
0.389574
0.659670
0.467842
0.666560
0.624144
0.540403
0.455338
0.535251
0.560562
0.596350
0.499630
0.485358
0.786931
0.441737
0.610046
0.550805
0.512705
0.466471
0.661297
0.648000
0.756207
0.692025
0.505904
0.629656
0.446781
0.586457
0.473473
0.611879
0.533939
0.525934
0.715008
0.484057
0.513815
0.464766
0.473436
0.544825
0.569676
0.549537
0.500840
0.381529
0.432133
0.615355
0.439344
0.587686
0.605430
0.484834
0.465984
0.588387
0.600324
0.522194
0.497768
0.690937
0.538890
0.586807
0.581420
0.513951
0.436432
0.547550
0.386059
0.420854
0.568997
0.456383
0.491948
0.658424
0.459073
0.503487
0.383452
0.517225
0.396890
0.595377
0.597301
0.590802
0.493163
0.514615
0.468819
0.576934
0.668974
0.724625
0.433136
0.564097
0.559789
0.681708
0.518120
0.736485
0.602627
0.433658
0.435540
0.452488
0.415962
0.545027
0.433104
0.483517
0.370756
0.406115
0.431775
0.475993
0.565732
0.615521
0.584373
0.595935
0.671088
0.389446
0.428612
0.628710
0.479547
0.514099
0.501095
0.459529
0.434898
0.619252
0.537577
0.481702
0.558038
0.499370
0.535978
0.498067
0.684151
0.447427
0.467731
0.743248
0.616830
0.652894
0.530971
0.459891
0.562359
0.400816
0.522075
0.473710
0.532690
0.705936
0.397063
0.491764
0.453725
0.348875
0.590497
0.639945
0.543923
0.496928
0.611035
0.519241
0.566122
0.448036
0.457728
0.430184
0.554711
0.732629
0.404667
0.622563
0.722445
0.634498
0.468106
0.571928
0.422527
0.660501
0.524204
0.517159
0.511625
0.581545
0.463186
0.596619
0.544405
0.437593
0.582231
0.422442
0.696612
0.609559
0.491152
0.517706
0.475555
0.651391
0.519227
0.649974
0.508439
0.419857
0.618799
0.605344
0.501813
0.663151
0.511355
0.405830
0.568599
0.471013
0.591952
0.531044
0.395536
0.585955
0.489968
0.624295
0.484091
0.676921
0.475766
0.471805
0.442263
0.466276
0.344955
0.697563
0.620129
0.597525
0.480412
0.437537
0.481870
0.472572
0.586488
0.558624
0.539639
0.701333
0.562519
0.470806
0.563439
0.425442
0.454676
0.438747
0.590257
0.557647
0.433199
0.566581
0.450292
0.590049
0.490900
0.385636
0.668702
0.601832
0.531600
0.440682
0.649116
0.551743
0.540461
0.394649
0.555320
0.621324
0.645228
0.598104
0.560765
0.608431
0.615563
0.563506
0.549118
0.525699
0.381398
0.416031
0.447028
0.347979
0.395942
0.597367
0.583480
0.552258
0.516298
0.453225
0.416423
0.519894
0.367020
0.395738
0.498349
0.585591
0.445038
0.402120
0.416964
0.668992
0.451606
0.644418
0.511519
0.581144
0.554939
0.622454
0.553192
0.527441
0.583971
0.623868
0.362927
0.543120
0.508426
0.601247
0.427544
0.434608
0.453207
0.437149
0.574277
0.609732
0.502529
0.484744
0.508854
0.500446
0.562576
0.358015
0.436125
0.502256
0.663347
0.520594
0.559115
0.628950
0.585876
0.540254
0.650082
0.429620
0.490074
0.677996
0.438042
0.661151
0.481553
0.358709
0.527401
0.467784
0.507925
0.386337
0.522212
0.328522
0.589857
0.427767
0.436214
0.722454
0.518533
0.405154
0.520444
0.523112
0.619133
0.489556
0.478669
0.556414
0.492881
0.588786
0.596823
0.378617
0.438982
0.625734
0.466340
0.399616
0.590296
0.527722
0.523272
0.546889
0.427447
0.355911
0.533863
0.528835
0.406914
0.400182
0.403989
0.384173
0.585777
0.447269
0.331047
0.381053
0.556990
0.558834
0.529681
0.434722
0.474589
0.529497
0.488910
0.482267
0.474151
0.474600
0.419746
0.443791
0.530673
0.401593
0.489230
0.337418
0.358014
0.540151
0.676396
0.567538
0.683142
0.356645
0.352362
0.457467
0.538092
0.466310
0.402371
0.482837
0.500835
0.536656
0.450303
0.511005
0.590696
0.432707
0.434606
0.434314
0.524641
0.651180
0.602970
0.420762
0.555228
0.456040
0.638046
0.360781
0.503494
0.539722
0.581267
0.412301
0.448696
0.476762
0.559224
0.549267
0.583434
0.313034
0.476668
0.485981
0.510505
0.526583
0.446971
0.464756
0.370162
0.527141
0.500547
0.518685
0.439456
0.589214
0.522180
0.495638
0.659731
0.479875
0.599001
0.506184
0.653065
0.502115
0.534592
0.421433
0.540767
0.522178
0.409776
0.468838
0.493649
0.356610
0.476003
0.517668
0.375911
0.556431
0.676376
0.628313
0.549633
0.619735
0.517579
0.558691
0.508960
0.489110
0.512437
0.405481
0.412077
0.585665
0.493392
0.444704
0.652098
0.588826
0.420614
0.432931
0.492893
0.452678
0.578129
0.460017
0.384250
0.635321
0.566496
0.490900
0.511709
0.794539
0.387605
0.493842
0.426058
0.496960
0.551804
0.507499
0.452551
0.415135
0.544847
0.671541
0.326008
0.516269
0.663836
0.466779
0.355738
0.472158
0.391149
0.494525
0.606696
0.348099
0.451096
0.398906
0.539316
0.527790
0.501862
0.502043
0.506868
0.350824
0.649128
0.395494
0.559288
0.509697
0.593145
0.535018
0.446324
0.621286
0.505409
0.380606
0.374409
0.592856
0.596237
0.390919
0.558531
0.447832
0.423483
0.657568
0.453950
0.505882
0.473420
0.294312
0.410999
0.403339
0.470360
0.696174
0.481552
0.447415
0.533859
0.450664
0.339516
0.642312
0.520339
0.378813
0.440464
0.624920
0.510377
0.423873
0.459449
0.590711
0.401970
0.549984
0.458420
0.562831
0.291563
0.303251
0.387072
0.648009
0.492859
0.536961
0.618364
0.430261
0.532107
0.485512
0.558069
0.434665
0.652995
0.492832
0.494174
0.460897
0.479621
0.474428
0.484331
0.427880
0.506472
0.556989
0.429840
0.521057
0.545535
0.560418
0.446666
0.430593
0.523986
0.593638
0.500461
0.510494
0.457174
0.704505
0.448291
0.507940
0.529874
0.509805
0.540902
0.536618
0.610529
0.479097
0.460293
0.469377
0.425489
0.443949
0.611988
0.573595
0.575747
0.459595
0.544624
0.618416
0.556750
0.510572
0.439553
0.416242
0.496578
0.485458
0.432008
0.400850
0.316517
0.425855
0.575668
0.409301
0.409496
0.389331
0.531064
0.494420
0.461155
0.465344
0.371061
0.459913
0.522520
0.476417
0.440631
0.570127
0.490730
0.607623
0.381994
0.459406
0.457312
0.499610
0.517310
0.667030
0.497879
0.444195
0.423638
0.398467
0.437899
0.349012
0.394947
0.529063
0.651764
0.552493
0.609637
0.385804
0.604361
0.566638
0.352610
0.440209
0.469400
0.407341
0.363009
0.503212
0.556244
0.530096
0.510576
0.475999
0.471984
0.286975
0.460655
0.405044
0.494804
0.460946
0.414900
0.340718
0.527264
0.485660
0.557842
0.408299
0.329471
0.461435
0.446647
0.607360
0.370718
0.540771
0.536725
0.476117
0.679568
0.482798
0.483206
0.498622
0.435541
0.389834
0.613860
0.597387
0.524312
0.409360
0.590819
0.576634
0.590885
0.500486
0.615135
0.385131
0.613073
0.314101
0.571617
0.491892
0.448745
0.524321
0.512076
0.494350
0.492539
0.352921
0.605115
0.509065
0.389968
0.312378
0.451260
0.369067
0.404561
0.325123
0.527114
0.353292
0.441672
0.521801
0.334264
0.492657
0.489640
0.461428
0.498104
0.281627
0.438660
0.468329
0.454658
0.446153
0.512146
0.501150
0.490777
0.464187
0.496698
0.336126
0.533851
0.449024
0.328856
0.320776
0.442768
0.499334
0.555611
0.397000
0.420192
0.394219
0.531723
0.462599
0.445165
0.385511
0.610287
0.525419
0.364603
0.425284
0.451250
0.606934
0.379057
0.464612
0.437988
0.520282
0.468907
0.404946
0.528853
0.546969
0.468011
0.413651
0.357203
0.545440
0.400641
0.531172
0.534273
0.504978
0.301881
0.429854
0.641852
0.489506
0.480565
0.506232
0.330367
0.620179
0.551953
0.469810
0.574982
0.493914
0.475166
0.465986
0.591037
0.426922
0.527556
0.381366
0.419828
0.403857
0.394002
0.322460
0.388106
0.400906
0.324186
0.502522
0.465277
0.401960
0.450326
0.395461
0.695300
0.483819
0.621084
0.351507
0.495884
0.442478
0.425423
0.483348
0.464325
0.746060
0.441987
0.502820
0.419243
0.534401
0.480927
0.531536
0.393617
0.404158
0.439437
0.381259
0.542976
0.571351
0.522995
0.333904
0.449786
0.549498
0.529670
0.395807
0.519212
0.477435
0.436009
0.658818
0.567322
0.416684
0.629335
0.442723
0.378565
0.478419
0.458876
0.376033
0.607451
0.507495
0.648585
0.346222
0.429367
0.429481
0.582753
0.392308
0.441995
0.394254
0.412499
0.479724
0.430648
0.599783
0.502973
0.356175
0.444326
0.415407
0.368168
0.502523
0.417412
0.509882
0.375167
0.493078
0.497006
0.477315
0.481421
0.335788
0.358365
0.459527
0.506649
0.373694
0.454789
0.387663
0.401925
0.313122
0.482384
0.343846
0.268785
0.388666
0.429620
0.493652
0.318717
0.350653
0.458751
0.363964
0.397857
0.499760
0.272963
0.352993
0.371079
0.416167
0.405833
0.491418
0.488822
0.484618
0.455673
0.351201
0.543298
0.445752
0.363516
0.428051
0.433029
0.370800
0.437184
0.351332
0.363275
0.385309
0.677856
0.454178
0.457534
0.396223
0.426823
0.486865
0.465923
0.380671
0.491370
0.425577
0.497635
0.403719
0.401966
0.439667
0.371647
0.506899
0.514786
0.399175
0.343834
0.533085
0.311593
0.318395
0.414414
0.374946
0.496801
0.399307
0.524571
0.424095
0.491489
0.506872
0.452202
0.434256
0.580202
0.378765
0.488876
0.503899
0.433127
0.617811
0.375762
0.459944
0.402681
0.607287
0.487214
0.495623
0.544907
0.443344
0.349890
0.476836
0.389609
0.368444
0.495773
0.517883
0.546612
0.406886
0.539606
0.599758
0.585036
0.456085
0.444532
0.334632
0.470125
0.557518
0.377990
0.342231
0.624479
0.353277
0.531121
0.353528
0.430591
0.484017
0.574274
0.432476
0.339489
0.418686
0.540426
0.471728
0.376493
0.572957
0.377483
0.335415
0.554273
0.364002
0.525657
0.444084
0.505213
0.407343
0.622280
0.494570
0.542699
0.342710
0.408348
0.392578
0.516595
0.404816
0.492988
0.482717
0.577620
0.371731
0.423575
0.402103
0.475477
0.461830
0.449017
0.569390
0.355401
0.394357
0.352492
0.427535
0.372600
0.383784
0.481146
0.483862
0.421837
0.516045
0.466468
0.440691
0.471689
0.418771
0.533987
0.525118
0.517575
0.450521
0.389959
0.446253
0.518566
0.484549
0.480242
0.587387
0.462429
0.434010
0.639627
0.504792
0.465200
0.611030
0.475322
0.435634
0.449333
0.608584
0.404602
0.405941
0.491498
0.385562
0.469232
0.414122
0.281820
0.404282
0.338939
0.399468
0.409300
0.320517
0.476865
0.501272
0.446703
0.463486
0.455482
0.395606
0.486547
0.542434
0.425774
0.412776
0.562017
0.532429
0.448233
0.407735
0.413874
0.412152
0.414076
0.309958
0.488680
0.505720
0.394744
0.412333
0.383647
0.419639
0.461527
0.445731
0.337015
0.475843
0.508778
0.395229
0.408544
0.424218
0.428590
0.416841
0.364278
0.374630
0.416453
0.561315
0.484625
0.422790
0.465648
0.485760
0.366020
0.432741
0.557409
0.471876
0.368060
0.601478
0.472692
0.494743
0.378984
0.666316
0.492319
0.470949
0.541422
0.395349
0.499661
0.504420
0.452121
0.447752
0.452466
0.468370
0.502515
0.404704
0.407252
0.396206
0.346492
0.500918
0.403282
0.429565
0.514802
0.359739
0.493731
0.536587
0.506951
0.492237
0.337387
0.336537
0.429492
0.587062
0.278551
0.431213
0.410357
0.415968
0.341155
0.334560
0.352868
0.532797
0.348898
0.448446
0.409317
0.325157
0.459024
0.341865
0.337733
0.417191
0.373627
0.486267
0.337876
0.431139
0.490292
0.446106
0.343160
0.334660
0.309019
0.282625
0.435346
0.509702
0.371485
0.565629
0.526884
0.431164
0.297752
0.437386
0.465798
0.378421
0.408233
0.370329
0.312693
0.264068
0.492374
0.544723
0.425427
0.417683
0.339022
0.313029
0.345726
0.290042
0.328957
0.415445
0.510983
0.426579
0.380395
0.382554
0.460078
0.382950
0.368633
0.330043
0.453598
0.454210
0.308484
0.463764
0.505310
0.362677
0.406630
0.308191
0.402074
0.336037
0.387086
0.450973
0.375018
0.366327
0.339729
0.327400
0.552177
0.400262
0.357109
0.408978
0.601415
0.371954
0.529430
0.501599
0.420869
0.496802
0.455458
0.405123
0.456939
0.378855
0.491339
0.416913
0.492926
0.409128
0.562418
0.344958
0.504260
0.521969
0.542802
0.502278
0.376758
0.442592
0.487193
0.463327
0.375321
0.291935
0.434196
0.328142
0.529172
0.535515
0.347962
0.405294
0.394740
0.308582
0.564811
0.426265
0.372712
0.578852
0.337910
0.468766
0.508265
0.321585
0.437501
0.432909
0.391218
0.315394
0.326673
0.395013
0.331813
0.621615
0.389992
0.471093
0.389028
0.405426
0.345787
0.452456
0.351158
0.279214
0.430928
0.448550
0.434468
0.257912
0.344741
0.366638
0.333029
0.302395
0.554058
0.367367
0.427601
0.402673
0.432065
0.381685
0.450953
0.393249
0.490830
0.332855
0.428885
0.529999
0.345298
0.440066
0.323958
0.536269
0.385819
0.622638
0.504931
0.444540
0.475279
0.388828
0.299252
0.374751
0.513824
0.523106
0.345232
0.369079
0.418262
0.395847
0.455122
0.312002
0.409441
0.352499
0.344843
0.418812
0.230362
0.383058
0.462914
0.536770
0.360118
0.351820
0.488522
0.494898
0.380545
0.424651
0.462466
0.457233
0.357985
0.478215
0.395861
0.375113
0.464594
0.469006
0.679350
0.382979
0.373144
0.355324
0.370194
0.413348
0.505962
0.541591
0.411388
0.516228
0.378680
0.504669
0.395058
0.494228
0.371527
0.404113
0.354376
0.302415
0.522184
0.344425
0.292111
0.429084
0.365072
0.399220
0.455201
0.370330
0.357422
0.386648
0.428452
0.553478
0.421323
0.380399
0.535520
0.333980
0.405676
0.488180
0.493094
0.472343
0.444556
0.430662
0.353451
0.419029
0.377622
0.373145
0.541976
0.360009
0.475722
0.525925
0.420495
0.445899
0.389321
0.316730
0.313207
0.530363
0.462160
0.488891
0.300740
0.374968
0.339566
0.416005
0.340141
0.411420
0.354299
0.614944
0.632983
0.469943
0.384946
0.387940
0.518801
0.440076
0.571504
0.290417
0.328788
0.444091
0.512087
0.258797
0.349657
0.561786
0.332426
0.316447
0.439007
0.394680
0.492838
0.412077
0.318894
0.416474
0.419286
0.721121
0.372493
0.348668
0.648068
0.398663
0.465333
0.466603
0.541744
0.387755
0.456628
0.357327
0.399082
0.543341
0.402792
0.468475
0.520894
0.535032
0.269325
0.420346
0.324885
0.378800
0.457795
0.393512
0.451250
0.369245
0.395999
0.390855
0.538857
0.429681
0.423923
0.331625
0.407426
0.507584
0.383502
0.540152
0.401619
0.569998
0.407457
0.516447
0.275592
0.447316
0.449262
0.556798
0.531615
0.507045
0.544794
0.477304
0.461925
0.550519
0.446881
0.588252
0.395247
0.417195
0.421010
0.412431
0.572925
0.428168
0.511251
0.506340
0.306884
0.468270
0.379777
0.390962
0.445013
0.342521
0.594667
0.456227
0.361201
0.335359
0.473295
0.484022
0.487079
0.340645
0.436790
0.345752
0.361084
0.356119
0.374072
0.486495
0.461768
0.359579
0.415932
0.599770
0.284208
0.350431
0.410352
0.402276
0.495609
0.371016
0.639198
0.496990
0.407652
0.390117
0.473670
0.365684
0.443771
0.399188
0.389181
0.418087
0.393802
0.440767
0.383481
0.439371
0.317687
0.514267
0.392161
0.497008
0.411861
0.457125
0.492926
0.316932
0.386296
0.270578
0.340344
0.319675
0.434506
0.382901
0.397841
0.345174
0.302080
0.249644
0.422058
0.330396
0.478725
0.324999
0.488097
0.415734
0.469611
0.294018
0.476929
0.268275
0.353035
0.405496
0.374615
0.382644
0.382869
0.338455
0.384233
0.325370
0.540686
0.431185
0.374443
0.289213
0.477559
0.413380
0.416342
0.371481
0.399695
0.363402
0.465166
0.406141
0.319091
0.448413
0.490834
0.381499
0.436281
0.366705
0.315628
0.343631
0.493834
0.347955
0.439858
0.456667
0.310716
0.363629
0.498130
0.525671
0.407309
0.449447
0.359346
0.336873
0.389861
0.313677
0.405279
0.299920
0.303863
0.513688
0.423572
0.459645
0.431466
0.335317
0.303596
0.364273
0.334862
0.336520
0.302337
0.413050
0.562010
0.362458
0.397511
0.336977
0.454718
0.456492
0.332667
0.397270
0.560597
0.445239
0.350761
0.459561
0.494159
0.384181
0.436822
0.601796
0.440289
0.343112
0.316877
0.457599
0.440035
0.420108
0.446759
0.414630
0.391157
0.391225
0.409525
0.370434
0.362197
0.265983
0.416593
0.284748
0.441167
0.385240
0.328793
0.281810
0.472039
0.294652
0.406606
0.455663
0.213058
0.401111
0.390416
0.385200
0.541569
0.374464
0.383790
0.343126
0.398710
0.303857
0.297999
0.395155
0.344086
0.527777
0.443877
0.555262
0.340232
0.449122
0.457198
0.526257
0.341517
0.248922
0.376702
0.359009
0.285921
0.406508
0.319101
0.380657
0.456932
0.387577
0.328485
0.311872
0.561467
0.409696
0.294451
0.529210
0.455184
0.290833
0.469829
0.314409
0.379137
0.248364
0.312577
0.339010
0.474821
0.463905
0.426100
0.347344
0.484198
0.444034
0.400192
0.439470
0.415830
0.450885
0.288354
0.212589
0.402952
0.476398
0.448013
0.593005
0.389223
0.381228
0.414422
0.381699
0.346055
0.386036
0.495748
0.512690
0.456012
0.402177
0.312829
0.311099
0.379629
0.438834
0.391986
0.457735
0.341369
0.495100
0.422353
0.401226
0.291612
0.400445
0.470423
0.340178
0.354953
0.272043
0.445053
0.389765
0.325222
0.320248
0.554162
0.275948
0.398722
0.458662
0.319279
0.320077
0.393992
0.345447
0.266733
0.393986
0.540014
0.445298
0.431961
0.347137
0.391065
0.428852
0.564086
0.314139
0.316756
0.335567
0.491261
0.486343
0.523095
0.364681
0.375123
0.381174
0.542493
0.386269
0.460213
0.336423
0.444754
0.395746
0.318484
0.380304
0.360244
0.311598
0.348898
0.484317
0.519439
0.515851
0.395954
0.290469
0.300811
0.359633
0.431541
0.380591
0.331000
0.350859
0.465211
0.440627
0.471209
0.238327
0.452481
0.411182
0.337688
0.498365
0.383291
0.396079
0.414095
0.346926
0.403570
0.282644
0.348729
0.347138
0.353678
0.416295
0.474602
0.428196
0.345338
0.440205
0.507846
0.426146
0.327756
0.408505
0.411804
0.540202
0.452407
0.404631
0.425578
0.388462
0.363595
0.301997
0.395255
0.342275
0.331688
0.399795
0.443094
0.438902
0.504190
0.294113
0.435402
0.412853
0.280747
0.435455
0.280348
0.339235
0.400874
0.230344
0.357259
0.390807
0.438022
0.416004
0.597584
0.416614
0.401897
0.381347
0.315134
0.299343
0.379679
0.457681
0.476459
0.343106
0.344459
0.434816
0.422230
0.282155
0.349990
0.253746
0.526107
0.507849
0.420075
0.479578
0.369012
0.448660
0.366498
0.319006
0.480026
0.396668
0.343052
0.286685
0.451385
0.374042
0.522902
0.270972
0.260347
0.500048
0.426751
0.494064
0.457407
0.271428
0.443771
0.239977
0.272258
0.434021
0.415583
0.355722
0.243805
0.364386
0.383015
0.379078
0.210923
0.357254
0.375603
0.387828
0.372639
0.283942
0.308592
0.341855
0.291864
0.368795
0.281135
0.510269
0.304918
0.309500
0.411271
0.466834
0.461840
0.563339
0.485969
0.438833
0.465321
0.381461
0.574621
0.395880
0.308287
0.367315
0.339873
0.406501
0.334311
0.330051
0.448745
0.454349
0.437094
0.468806
0.348228
0.441166
0.371806
0.401684
0.344138
0.380858
0.352247
0.441191
0.403715
0.314230
0.324573
0.327443
0.394658
0.405556
0.376643
0.362473
0.360087
0.387753
0.403209
0.512463
0.341001
0.284916
0.282917
0.303365
0.449369
0.353721
0.471563
0.398358
0.576776
0.399457
0.401469
0.462796
0.356646
0.324871
0.206598
0.355766
0.406953
0.338211
0.346342
0.318680
0.344088
0.356359
0.368012
0.381281
0.241900
0.358635
0.382897
0.339781
0.234819
0.375714
0.231393
0.403824
0.348697
0.336597
0.514706
0.420802
0.360505
0.349212
0.295745
0.338354
0.300081
0.400311
0.415562
0.374481
0.318687
0.271365
0.256326
0.365863
0.334072
0.407093
0.260727
0.387687
0.289413
0.260276
0.506445
0.443653
0.251157
0.405362
0.394043
0.291889
0.434412
0.265999
0.348074
0.315532
0.500497
0.352889
0.310676
0.460509
0.517980
0.349891
0.356593
0.330270
0.259745
0.454980
0.332834
0.296484
0.526804
0.340442
0.315430
0.378850
0.401484
0.267657
0.357430
0.343923
0.312743
0.321930
0.369902
0.324527
0.467725
0.322237
0.402616
0.341909
0.407821
0.377238
0.499694
0.327893
0.246511
0.344373
0.427152
0.375393
0.447635
0.413864
0.435501
0.264896
0.306168
0.373925
0.241166
0.424139
0.438242
0.318137
0.402686
0.387929
0.227556
0.194672
0.317018
0.439983
0.333159
0.278211
0.340867
0.370622
0.228488
0.437419
0.350376
0.295872
0.395548
0.451799
0.280946
0.270130
0.409627
0.510730
0.311962
0.477481
0.255951
0.392442
0.399354
0.249259
0.351588
0.502348
0.336062
0.364143
0.497743
0.405871
0.446756
0.441637
0.285303
0.413834
0.440925
0.295655
0.357495
0.348211
0.461978
0.387382
0.422066
0.520303
0.484994
0.473338
0.347862
0.367579
0.326702
0.358507
0.467651
0.357216
0.446330
0.400258
0.450581
0.398890
0.387941
0.489499
0.314047
0.284192
0.505281
0.288287
0.392492
0.369769
0.411940
0.339968
0.406880
0.368639
0.355204
0.380092
0.319050
0.247709
0.667594
0.342712
0.334470
0.322856
0.327482
0.340115
0.282305
0.274864
0.402761
0.253541
0.610964
0.311133
0.339769
0.540594
0.262353
0.341385
0.486156
0.388017
0.212559
0.305069
0.310016
0.288301
0.263196
0.457505
0.420719
0.322268
0.446759
0.269976
0.394595
0.399044
0.394174
0.470772
0.416803
0.375821
0.297763
0.318297
0.558457
0.427392
0.355404
0.527946
0.320334
0.238314
0.425694
0.342544
0.507702
0.416057
0.349976
0.400542
0.257105
0.329567
0.435840
0.339022
0.319754
0.424387
0.398766
0.357986
0.561060
0.233726
0.414300
0.257092
0.405302
0.334186
0.361086
0.396660
0.421272
0.496788
0.352835
0.332836
0.333677
0.353572
0.599200
0.302542
0.387380
0.460833
0.333651
0.344489
0.328872
0.347509
0.460407
0.459796
0.355410
0.334025
0.325608
0.279841
0.380588
0.387232
0.238860
0.291584
0.359346
0.331287
0.430235
0.513671
0.367957
0.325620
0.311054
0.515263
0.387124
0.511380
0.232019
0.524838
0.450066
0.315566
0.571657
0.294594
0.347322
0.273568
0.388088
0.528888
0.394222
0.316205
0.283362
0.444065
0.376684
0.507757
0.562920
0.397435
0.345597
0.315412
0.456508
0.388333
0.375958
0.388684
0.282159
0.386309
0.343883
0.299430
0.299363
0.386393
0.359049
0.334819
0.379334
0.308583
0.234409
0.512228
0.352527
0.301295
0.303782
0.266045
0.395565
0.323412
0.249481
0.342653
0.370404
0.307541
0.462013
0.304209
0.367913
0.286289
0.361885
0.362645
0.385096
0.305665
0.419768
0.461004
0.318996
0.303222
0.347600
0.290849
0.331139
0.295675
0.374125
0.425733
0.359461
0.332692
0.287686
0.336099
0.330293
0.288752
0.331900
0.397630
0.385676
0.276242
0.449229
0.416800
0.358894
0.412479
0.350324
0.257126
0.424841
0.480627
0.401002
0.364364
0.256305
0.234521
0.434596
0.270148
0.282414
0.358648
0.281197
0.287678
0.295592
0.240934
0.242358
0.375364
0.224520
0.343635
0.451575
0.367231
0.247749
0.298826
0.286790
0.297419
0.344782
0.307960
0.316810
0.417587
0.281314
0.261823
0.248395
0.283492
0.368765
0.298193
0.251365
0.289657
0.368952
0.430139
0.387283
0.346790
0.306037
0.312923
0.367474
0.605078
0.414619
0.363624
0.281809
0.385016
0.247480
0.411046
0.214844
0.385343
0.367635
0.330583
0.429913
0.357536
0.210267
0.308228
0.236593
0.487897
0.356088
0.407144
0.284935
0.490603
0.313973
0.413544
0.329944
0.483655
0.459057
0.307002
0.371303
0.397263
0.458830
0.366162
0.337960
0.333677
0.437141
0.295742
0.545699
0.316648
0.317766
0.418262
0.308523
0.380629
0.353788
0.397157
0.455660
0.430731
0.322183
0.418073
0.335972
0.402500
0.291708
0.472575
0.297733
0.392154
0.496226
0.373720
0.324612
0.415530
0.455324
0.355565
0.412551
0.431149
0.366197
0.318537
0.317900
0.374794
0.294583
0.327925
0.335567
0.385733
0.443364
0.334848
0.290880
0.394825
0.351460
0.518622
0.511976
0.243227
0.339192
0.457336
0.283295
0.302437
0.338330
0.352074
0.300475
0.322469
0.381182
0.268023
0.463563
0.221002
0.454147
0.370333
0.256978
0.286241
0.374877
0.351557
0.290078
0.249047
0.302652
0.420372
0.378394
0.312025
0.306508
0.394993
0.260173
0.494557
0.266729
0.338238
0.392190
0.276615
0.339513
0.349696
0.244627
0.368460
0.343208
0.393335
0.458912
0.324475
0.331733
0.409409
0.425046
0.168667
0.483316
0.323660
0.364195
0.349773
0.333132
0.339492
0.663415
0.350088
0.379753
0.368605
0.283939
0.271333
0.503688
0.326551
0.351677
0.365359
0.283837
0.345770
0.394388
0.241986
0.303485
0.345295
0.311248
0.390415
0.244136
0.347761
0.324051
0.223896
0.277485
0.327119
0.307962
0.298345
0.327313
0.485159
0.186706
0.331025
0.303693
0.273846
0.494418
0.370820
0.283229
0.380506
0.431706
0.266822
0.402134
0.436454
0.540266
0.418186
0.336957
0.268648
0.327608
0.326500
0.380363
0.269904
0.419745
0.307020
0.335689
0.514955
0.354801
0.390748
0.589499
0.381685
0.373307
0.246770
0.390014
0.382295
0.286760
0.317944
0.400191
0.322867
0.313051
0.321198
0.380890
0.298907
0.267558
0.318834
0.297150
0.407861
0.226036
0.277586
0.335585
0.359317
0.361537
0.297686
0.394327
0.327301
0.298805
0.386556
0.336513
0.295048
0.293652
0.363253
0.392345
0.319636
0.276009
0.260740
0.391902
0.385354
0.367988
0.332073
0.415599
0.210828
0.440853
0.379553
0.298495
0.350765
0.289828
0.416524
0.268270
0.365109
0.349182
0.304881
0.328847
0.414446
0.406573
0.409532
0.423425
0.389097
0.241251
0.446574
0.390381
0.266302
0.182574
0.197365
0.578636
0.321533
0.368287
0.394292
0.445398
0.515025
0.300537
0.278522
0.315034
0.424241
0.627326
0.272158
0.251887
0.385486
0.345975
0.236811
0.431910
0.278065
0.386708
0.484849
0.442785
0.259343
0.293909
0.391690
0.372574
0.467404
0.348701
0.395650
0.322037
0.205138
0.645465
0.438614
0.246770
0.252832
0.268863
0.417098
0.382806
0.352764
0.337475
0.301630
0.424273
0.309312
0.406163
0.349601
0.458267
0.383816
0.419323
0.365347
0.413337
0.447168
0.436089
0.259961
0.314686
0.433074
0.247219
0.333766
0.404532
0.311263
0.347629
0.250045
0.274429
0.167188
0.278681
0.552804
0.377920
0.363190
0.369433
0.430489
0.365866
0.367190
0.405889
0.423475
0.238612
0.330422
0.334296
0.378614
0.312044
0.462377
0.280031
0.252122
0.284545
0.245153
0.270781
0.265034
0.230662
0.468018
0.423181
0.224478
0.352992
0.394818
0.295948
0.267816
0.264913
0.442233
0.357057
0.412738
0.328645
0.294609
0.244000
0.316443
0.328144
0.341939
0.338224
0.354160
0.396037
0.303814
0.317272
0.401794
0.275472
0.405147
0.717791
0.268288
0.219360
0.204215
0.284722
0.200819
0.315070
0.337852
0.365973
0.261490
0.261234
0.201443
0.311376
0.249102
0.394220
0.283390
0.279677
0.389045
0.252381
0.419546
0.298720
0.281989
0.405070
0.202638
0.247139
0.247220
0.331627
0.232976
0.427603
0.326889
0.285295
0.297518
0.203676
0.247549
0.227254
0.214754
0.309537
0.188855
0.423210
0.318566
0.206443
0.292366
0.476972
0.327777
0.285546
0.354976
0.280178
0.415721
0.362475
0.203193
0.279550
0.380802
0.345040
0.337156
0.410539
0.393102
0.276423
0.243487
0.371196
0.393181
0.392460
0.473659
0.395391
0.238772
0.399389
0.287168
0.288971
0.427414
0.440876
0.358973
0.343335
0.334669
0.371884
0.374801
0.436638
0.282656
0.299368
0.331114
0.251800
0.377585
0.425216
0.321036
0.313903
0.414561
0.301095
0.273863
0.445175
0.366201
0.466628
0.237183
0.329069
0.309555
0.175594
0.410714
0.463445
0.333533
0.357214
0.297499
0.296108
0.231572
0.400298
0.319959
0.272284
0.346868
0.367488
0.327255
0.302666
0.300515
0.231715
0.344306
0.366951
0.369415
0.249493
0.196618
0.232567
0.279582
0.346388
0.249035
0.263953
0.251200
0.262909
0.315093
0.290415
0.328221
0.372986
0.225922
0.182103
0.359581
0.291231
0.456238
0.223116
0.288481
0.322858
0.363736
0.365307
0.276640
0.461617
0.360569
0.518189
0.439402
0.348570
0.234302
0.318044
0.341803
0.482200
0.407117
0.239583
0.386766
0.381683
0.431664
0.380420
0.316013
0.393025
0.269858
0.271390
0.412607
0.366631
0.303775
0.345455
0.290511
0.358040
0.325115
0.362104
0.304093
0.309330
0.290678
0.375842
0.346025
0.316484
0.214886
0.321462
0.300296
0.324018
0.269612
0.371374
0.361753
0.479813
0.241710
0.228395
0.269667
0.252451
0.327760
0.336427
0.306737
0.386766
0.283283
0.389831
0.407491
0.403627
0.230136
0.187648
0.282832
0.307781
0.228000
0.394798
0.365019
0.228332
0.330192
0.268464
0.416297
0.260698
0.309304
0.257998
0.428251
0.398355
0.257996
0.255858
0.260636
0.342475
0.272418
0.329901
0.281900
0.405329
0.247373
0.297691
0.261552
0.328003
0.310380
0.203119
0.358939
0.306673
0.321646
0.352108
0.226349
0.296035
0.261810
0.342219
0.322489
0.271648
0.257747
0.318933
0.327775
0.309011
0.278987
0.382659
0.370157
0.336962
0.334659
0.354386
0.349797
0.406944
0.376045
0.450545
0.277551
0.401136
0.312306
0.402919
0.439145
0.508152
0.395335
0.255600
0.385499
0.251373
0.472904
0.422339
0.324065
0.289039
0.232920
0.421994
0.338475
0.314111
0.346355
0.321264
0.332161
0.268678
0.319044
0.486394
0.360960
0.203849
0.406360
0.342225
0.305020
0.378260
0.453421
0.310676
0.258338
0.396492
0.292689
0.414370
0.285752
0.224966
0.316419
0.398587
0.235849
0.347570
0.322072
0.511639
0.307049
0.286323
0.253955
0.386893
0.492035
0.289493
0.344987
0.537844
0.410282
0.321832
0.329773
0.353371
0.199552
0.325440
0.371004
0.176523
0.306200
0.262986
0.309411
0.361017
0.397046
0.429556
0.329944
0.277577
0.301949
0.234390
0.362468
0.368065
0.327783
0.176694
0.361808
0.333029
0.504266
0.291132
0.338587
0.186754
0.428465
0.328693
0.298502
0.394635
0.248905
0.213707
0.293689
0.246310
0.328614
0.320310
0.318160
0.307973
0.359170
0.251700
0.273378
0.277122
0.330884
0.358568
0.251579
0.525359
0.365977
0.500629
0.345089
0.279612
0.331192
0.443661
0.413117
0.205570
0.388169
0.272799
0.301712
0.307146
0.395074
0.292847
0.375653
0.349501
0.290311
0.291418
0.278155
0.258706
0.362786
0.426674
0.406563
0.301189
0.303136
0.422008
0.245312
0.321115
0.342910
0.398558
0.292988
0.333499
0.242242
0.339686
0.245746
0.331563
0.404472
0.325152
0.216511
0.271428
0.261594
0.297646
0.319970
0.333358
0.319706
0.438812
0.287157
0.324765
0.528112
0.186942
0.323730
0.263656
0.268060
0.368165
0.279367
0.453271
0.288088
0.304460
0.313994
0.329142
0.186355
0.294473
0.326568
0.279256
0.266974
0.307791
0.317566
0.263150
0.353004
0.384160
0.455649
0.262676
0.448571
0.239291
0.202728
0.290828
0.341731
0.391970
0.272069
0.249212
0.273070
0.280236
0.262924
0.329319
0.279085
0.322760
0.201922
0.314129
0.417338
0.148789
0.219791
0.201949
0.210392
0.254339
0.367747
0.174978
0.231583
0.514871
0.212026
0.330573
0.299926
0.237457
0.162416
0.193745
0.368882
0.141002
0.358890
0.176373
0.241591
0.350964
0.300736
0.320310
0.245918
0.457119
0.221041
0.165025
0.354533
0.220761
0.342049
0.354501
0.423010
0.276914
0.266795
0.234356
0.337588
0.359120
0.323060
0.331689
0.300777
0.431206
0.339524
0.334985
0.424672
0.293285
0.299384
0.233803
0.296972
0.402198
0.303770
0.323853
0.338533
0.240046
0.460233
0.272694
0.381226
0.285926
0.260687
0.336286
0.326837
0.305629
0.358384
0.346649
0.428471
0.349095
0.299777
0.428577
0.174753
0.328721
0.215860
0.433592
0.258202
0.205023
0.380917
0.188682
0.450703
0.361038
0.191011
0.290399
0.309569
0.395948
0.275788
0.445448
0.252820
0.225481
0.384540
0.303698
0.429031
0.253304
0.232859
0.285500
0.161878
0.338718
0.256761
0.303623
0.412679
0.388453
0.532771
0.399430
0.263638
0.288938
0.285371
0.259825
0.206828
0.220388
0.412235
0.441174
0.269538
0.240361
0.261411
0.397802
0.324722
0.339432
0.239861
0.281381
0.324775
0.536548
0.209897
0.241245
0.223690
0.309117
0.185201
0.571298
0.296586
0.259970
0.383254
0.255460
0.391082
0.391190
0.292509
0.355243
0.331084
0.407493
0.362903
0.348540
0.212979
0.211004
0.387928
0.235907
0.323920
0.256099
0.285696
0.247064
0.376678
0.272409
0.293973
0.350902
0.307881
0.262862
0.336307
0.298577
0.325023
0.267729
0.245536
0.277584
0.286873
0.334746
0.573386
0.453016
0.265355
0.379608
0.305174
0.304419
0.245809
0.325672
0.273037
0.376216
0.306713
0.263351
0.305889
0.422580
0.258779
0.265310
0.284528
0.320030
0.159792
0.367571
0.299897
0.301274
0.315670
0.336646
0.253152
0.324806
0.331641
0.257474
0.257460
0.226042
0.421951
0.309315
0.300148
0.297676
0.363665
0.317355
0.301311
0.268742
0.400557
0.315803
0.385696
0.260105
0.206216
0.364654
0.474650
0.306672
0.416713
0.201560
0.217160
0.203857
0.209856
0.462859
0.329130
0.448931
0.270681
0.375486
0.386142
0.234342
0.434706
0.465401
0.245706
0.175153
0.319837
0.317296
0.313601
0.301216
0.291535
0.531996
0.321294
0.331281
0.356961
0.309368
0.303838
0.341037
0.402368
0.280777
0.454463
0.298425
0.413433
0.316720
0.394354
0.212768
0.257078
0.343483
0.334951
0.332144
0.268035
0.222139
0.392833
0.222954
0.307738
0.296269
0.189957
0.365543
0.370288
0.232403
0.234534
0.313533
0.269058
0.292788
0.206885
0.262043
0.314337
0.216484
0.378790
0.367412
0.241278
0.309174
0.246909
0.236422
0.235897
0.283341
0.236267
0.290023
0.374386
0.389455
0.316460
0.245877
0.338338
0.473997
0.335466
0.156157
0.364764
0.242096
0.251989
0.316432
0.333409
0.340168
0.285424
0.260259
0.249149
0.323754
0.232998
0.269187
0.268023
0.324054
0.247786
0.199692
0.319254
0.346966
0.334992
0.306975
0.281030
0.253189
0.325043
0.361992
0.281332
0.201255
0.477826
0.249528
0.344915
0.230439
0.328086
0.363820
0.238168
0.276713
0.264611
0.343023
0.294127
0.363283
0.434549
0.238282
0.326910
0.294150
0.369356
0.279932
0.308260
0.270122
0.314494
0.253478
0.237977
0.221521
0.349087
0.226166
0.243730
0.356291
0.340267
0.214523
0.327273
0.551512
0.432276
0.208271
0.346985
0.305737
0.268895
0.264609
0.323235
0.241284
0.393872
0.319574
0.278867
0.293839
0.265377
0.289250
0.290294
0.243356
0.411093
0.271370
0.320797
0.238756
0.258625
0.246139
0.287104
0.244332
0.265047
0.270279
0.196058
0.271048
0.299325
0.316354
0.332614
0.362137
0.340606
0.181084
0.248696
0.169599
0.260301
0.200820
0.218752
0.150221
0.229183
0.217185
0.221872
0.249363
0.326091
0.245722
0.393163
0.219457
0.322342
0.230368
0.320428
0.177933
0.288893
0.328377
0.488264
0.223793
0.316626
0.311588
0.309375
0.304154
0.207457
0.342818
0.249280
0.268146
0.310302
0.365938
0.226370
0.371642
0.309077
0.444888
0.276247
0.245962
0.413696
0.213312
0.342015
0.221442
0.199380
0.352842
0.260424
0.323092
0.289969
0.398810
0.337234
0.253184
0.282072
0.376825
0.241314
0.397385
0.300415
0.302063
0.205404
0.240915
0.294586
0.379768
0.324348
0.333499
0.256691
0.295711
0.363838
0.367797
0.229034
0.256244
0.221083
0.303785
0.255952
0.248833
0.214624
0.250225
0.294552
0.233902
0.333682
0.194047
0.233922
0.326749
0.202284
0.300858
0.344561
0.240147
0.247335
0.283238
0.250491
0.205093
0.323818
0.301950
0.453638
0.240079
0.350931
0.293840
0.334812
0.196746
0.229916
0.293788
0.214722
0.151869
0.227197
0.301648
0.214116
0.344562
0.151101
0.341733
0.241317
0.305558
0.323036
0.396487
0.393864
0.259549
0.314917
0.254389
0.264799
0.197874
0.270949
0.150939
0.290048
0.239373
0.308407
0.374377
0.205403
0.272235
0.226383
0.274688
0.277464
0.193067
0.261805
0.366828
0.204385
0.360881
0.250844
0.406117
0.245632
0.275088
0.305854
0.259584
0.391855
0.293684
0.430787
0.208236
0.197777
0.231035
0.403953
0.204880
0.142125
0.236426
0.303345
0.348670
0.234893
0.305554
0.251322
0.224650
0.383997
0.267601
0.303217
0.276732
0.332262
0.232065
0.144330
0.243088
0.270907
0.411112
0.307166
0.220730
0.310790
0.237082
0.250296
0.187429
0.214190
0.340440
0.231794
0.335560
0.345408
0.260109
0.253202
0.316653
0.257534
0.238573
0.342689
0.384156
0.406949
0.311531
0.442419
0.255122
0.284485
0.264384
0.237137
0.165843
0.360410
0.285512
0.245979
0.384644
0.291772
0.199076
0.168886
0.322370
0.196199
0.201045
0.347282
0.176715
0.285227
0.185560
0.311310
0.304014
0.183849
0.250876
0.301676
0.335418
0.433187
0.221006
0.229914
0.295932
0.175755
0.178289
0.268443
0.180988
0.343854
0.331210
0.195036
0.172236
0.284350
0.362213
0.396750
0.397717
0.217222
0.234485
0.251394
0.247750
0.211819
0.325138
0.248466
0.283769
0.284674
0.291992
0.376166
0.359851
0.245099
0.272554
0.246456
0.210095
0.484732
0.249009
0.156300
0.228447
0.332563
0.309108
0.227381
0.309727
0.299121
0.433327
0.283733
0.300853
0.202659
0.375921
0.316038
0.357373
0.264690
0.249146
0.459358
0.317249
0.344103
0.316074
0.243647
0.217445
0.234619
0.265556
0.294996
0.269249
0.239743
0.222212
0.288676
0.292293
0.440389
0.312160
0.421607
0.297229
0.430015
0.357947
0.253615
0.311965
0.354957
0.291609
0.374009
0.303927
0.547910
0.350788
0.209994
0.329649
0.282498
0.212345
0.162192
0.271369
0.263354
0.277439
0.286960
0.334553
0.334215
0.217518
0.290772
0.325765
0.442136
0.194286
0.436496
0.315514
0.390849
0.353753
0.318671
0.279513
0.327183
0.309061
0.173380
0.287782
0.253296
0.228854
0.340033
0.269670
0.348120
0.250857
0.267080
0.344883
0.391842
0.222356
0.326497
0.249675
0.405332
0.291298
0.273518
0.240023
0.481360
0.249263
0.278145
0.325624
0.172618
0.222360
0.230036
0.225521
0.331218
0.460118
0.357624
0.322800
0.344754
0.415881
0.219545
0.317495
0.229301
0.333822
0.318637
0.263549
0.229828
0.248256
0.320351
0.332685
0.288065
0.279848
0.260719
0.351984
0.305817
0.337842
0.233023
0.415262
0.305418
0.319834
0.135146
0.196232
0.296626
0.370942
0.191369
0.400043
0.287517
0.295309
0.243787
0.267032
0.171503
0.208503
0.159005
0.220569
0.391123
0.209528
0.261678
0.194360
0.311078
0.159402
0.236204
0.344411
0.275943
0.302869
0.294895
0.236343
0.388159
0.291829
0.211477
0.280008
0.232098
0.232904
0.239333
0.250188
0.323953
0.126299
0.191322
0.225981
0.325751
0.165185
0.205118
0.208085
0.187353
0.302043
0.227025
0.269506
0.186940
0.265912
0.361403
0.227166
0.346608
0.261290
0.268379
0.268394
0.083448
0.298143
0.217780
0.270884
0.178570
0.215768
0.198559
0.273185
0.313781
0.322701
0.172953
0.277569
0.337139
0.234412
0.322083
0.220796
0.334735
0.186014
0.270997
0.390326
0.288883
0.278143
0.233331
0.286999
0.408013
0.215596
0.218571
0.358732
0.367356
0.300681
0.328509
0.337556
0.226643
0.332090
0.226360
0.304905
0.239134
0.300170
0.169062
0.288369
0.253901
0.268044
0.230951
0.276759
0.272044
0.278514
0.246422
0.250983
0.422435
0.340778
0.277326
0.342667
0.240878
0.175135
0.303640
0.297595
0.185683
0.188148
0.356188
0.382992
0.152048
0.272490
0.250112
0.278027
0.256040
0.265355
0.288643
0.278784
0.277122
0.341212
0.255218
0.260892
0.169947
0.276127
0.234076
0.252615
0.234846
0.181843
0.286982
0.195314
0.274849
0.237730
0.263544
0.357953
0.351613
0.245937
0.233477
0.283788
0.297002
0.303775
0.213852
0.219125
0.245697
0.289703
0.253440
0.379537
0.398109
0.448898
0.233421
0.284131
0.214914
0.350249
0.521302
0.237494
0.287655
0.300855
0.215923
0.242682
0.219701
0.270841
0.213219
0.418173
0.371165
0.270620
0.274141
0.225537
0.349961
0.348342
0.185900
0.418774
0.249070
0.339058
0.220146
0.209128
0.311471
0.244814
0.274166
0.273431
0.279610
0.295425
0.342507
0.193017
0.242845
0.314843
0.338789
0.282686
0.208897
0.357716
0.244927
0.223590
0.346793
0.194109
0.227766
0.130732
0.388162
0.228603
0.237690
0.165782
0.234269
0.233957
0.180176
0.236842
0.296782
0.353399
0.226013
0.250672
0.213876
0.365582
0.255248
0.245142
0.417926
0.210483
0.215552
0.349436
0.216887
0.404228
0.209734
0.285616
0.485475
0.280276
0.283259
0.217724
0.344028
0.302029
0.302274
0.236001
0.302715
0.301092
0.267762
0.297895
0.224044
0.192302
0.182427
0.230739
0.181038
0.315003
0.188065
0.221620
0.374390
0.139376
0.203138
0.344493
0.271903
0.283455
0.151015
0.199732
0.261115
0.167518
0.229852
0.308230
0.301000
0.380897
0.448491
0.232461
0.229889
0.330445
0.273947
0.464971
0.179461
0.247751
0.227498
0.268391
0.360182
0.253939
0.224364
0.268725
0.235953
0.268006
0.254218
0.332868
0.347234
0.294519
0.218543
0.319981
0.304582
0.120654
0.271116
0.360018
0.253833
0.326293
0.371992
0.148810
0.344483
0.201620
0.225443
0.285030
0.185550
0.358380
0.300019
0.476742
0.326951
0.320800
0.292007
0.280396
0.273929
0.406375
0.277567
0.264241
0.152983
0.308450
0.161504
0.390664
0.189468
0.186076
0.216561
0.230662
0.230870
0.279435
0.269338
0.260508
0.277469
0.307929
0.325409
0.306495
0.270301
0.297426
0.277959
0.238911
0.346264
0.252828
0.226174
0.316290
0.280537
0.338481
0.299293
0.286696
0.177812
0.245342
0.486054
0.238998
0.241404
0.297616
0.284029
0.334727
0.269062
0.422348
0.266769
0.305078
0.370309
0.257589
0.261981
0.335717
0.305486
0.250623
0.186672
0.254495
0.173350
0.198284
0.191440
0.323662
0.182032
0.137475
0.284622
0.394343
0.147432
0.343653
0.227194
0.189880
0.262909
0.377844
0.227435
0.266434
0.274685
0.235260
0.239994
0.254280
0.407621
0.275367
0.412998
0.300364
0.389849
0.303877
0.218157
0.321353
0.274158
0.178442
0.238697
0.237502
0.283619
0.187728
0.276698
0.349195
0.169419
0.286924
0.225270
0.342683
0.299099
0.232180
0.372949
0.265537
0.262629
0.201556
0.316921
0.383581
0.312492
0.184854
0.400021
0.187425
0.195302
0.242528
0.249037
0.223077
0.272472
0.265532
0.345528
0.275588
0.333168
0.196167
0.176965
0.326151
0.282232
0.397697
0.261557
0.330025
0.253291
0.259449
0.262534
0.153607
0.194034
0.271326
0.281880
0.266671
0.145526
0.287814
0.231807
0.187827
0.221141
0.206733
0.209393
0.154450
0.278837
0.246281
0.139664
0.303427
0.191080
0.246615
0.340523
0.375700
0.239238
0.215320
0.258371
0.183364
0.236385
0.236885
0.250140
0.165003
0.230946
0.239884
0.284567
0.410713
0.288736
0.245133
0.205197
0.201799
0.144729
0.186496
0.371324
0.287294
0.144337
0.351092
0.290444
0.314865
0.264733
0.147223
0.305202
0.231234
0.234938
0.262638
0.181795
0.272789
0.156372
0.134829
0.368321
0.157404
0.189630
0.294302
0.327983
0.326962
0.224244
0.186172
0.275594
0.225343
0.268140
0.363427
0.283094
0.245434
0.213100
0.131198
0.193734
0.391156
0.269278
0.321349
0.269078
0.272412
0.170489
0.177569
0.234396
0.232515
0.341428
0.172132
0.284910
0.233023
0.182220
0.218262
0.227350
0.310406
0.176766
0.300863
0.198581
0.278302
0.211212
0.181260
0.272330
0.298526
0.293329
0.247633
0.312095
0.236755
0.252813
0.177027
0.257481
0.351268
0.161319
0.177957
0.222130
0.341214
0.202431
0.444755
0.386996
0.223692
0.135067
0.285422
0.216558
0.157607
0.291975
0.194856
0.230534
0.179103
0.194148
0.185530
0.228425
0.289691
0.227989
0.207767
0.206971
0.248928
0.165747
0.272837
0.138110
0.213861
0.285299
0.252875
0.240716
0.153128
0.213298
0.139949
0.288005
0.275611
0.210663
0.483561
0.330957
0.306486
0.328215
0.120147
0.346639
0.222183
0.308192
0.237561
0.195037
0.494453
0.224468
0.165630
0.291581
0.254100
0.295114
0.254563
0.246537
0.366436
0.397798
0.171104
0.230368
0.197603
0.250441
0.266094
0.143159
0.208705
0.299908
0.275626
0.232376
0.183227
0.195121
0.219816
0.255539
0.177394
0.214370
0.176867
0.195735
0.292474
0.287313
0.234855
0.167084
0.476153
0.280102
0.264972
0.208748
0.260809
0.262856
0.275785
0.290821
0.320097
0.211008
0.196315
0.163901
0.232648
0.337397
0.347056
0.245611
0.436881
0.227490
0.438501
0.318314
0.304150
0.367976
0.234521
0.304658
0.233452
0.239314
0.186349
0.329785
0.210649
0.259002
0.173017
0.231304
0.240199
0.294853
0.200628
0.372949
0.340056
0.326955
0.210359
0.243369
0.147783
0.365148
0.200673
0.195984
0.225530
0.300916
0.386945
0.332478
0.232108
0.415995
0.286132
0.143856
0.256706
0.184032
0.276871
0.326331
0.290798
0.254678
0.359858
0.169096
0.194875
0.283518
0.190135
0.314019
0.265016
0.245828
0.245572
0.336454
0.255839
0.256136
0.228161
0.239386
0.227328
0.332946
0.220833
0.415434
0.157135
0.222625
0.239731
0.210560
0.207696
0.169358
0.310204
0.131768
0.315826
0.182820
0.219995
0.182554
0.359590
0.171484
0.140410
0.200688
0.239608
0.246805
0.214105
0.336068
0.198800
0.282872
0.250036
0.224593
0.284060
0.262146
0.340712
0.247907
0.159624
0.270335
0.178201
0.299335
0.273836
0.165665
0.329239
0.245090
0.195757
0.290642
0.300315
0.273695
0.191961
0.287118
0.257711
0.286208
0.256860
0.283437
0.231128
0.333842
0.246280
0.232584
0.313408
0.222908
0.221073
0.250328
0.294918
0.188397
0.281403
0.294930
0.355925
0.284628
0.195499
0.194870
0.244737
0.470029
0.209197
0.225951
0.173611
0.210448
0.357630
0.264164
0.236512
0.352964
0.210131
0.219842
0.204335
0.192886
0.224389
0.345535
0.239553
0.496188
0.222145
0.266196
0.258085
0.188029
0.164328
0.358235
0.237270
0.305875
0.239552
0.339671
0.261343
0.303101
0.180800
0.406437
0.230095
0.285657
0.313420
0.335337
0.251227
0.309957
0.203018
0.235405
0.247847
0.216481
0.178673
0.287162
0.209858
0.197685
0.221817
0.186705
0.243517
0.163460
0.240676
0.285636
0.235804
0.110023
0.234127
0.200248
0.176093
0.175459
0.211487
0.227370
0.375208
0.162855
0.186155
0.234054
0.141462
0.320725
0.252606
0.174416
0.261561
0.340425
0.284222
0.321322
0.200189
0.247982
0.278581
0.223360
0.231559
0.188243
0.166621
0.176650
0.243926
0.249362
0.242850
0.167484
0.362993
0.301419
0.356904
0.263460
0.195945
0.285796
0.325976
0.261259
0.172763
0.225497
0.191395
0.231192
0.169109
0.269500
0.211391
0.269636
0.184785
0.179053
0.272234
0.227920
0.194751
0.164865
0.166692
0.165688
0.208387
0.206756
0.330748
0.153684
0.338466
0.243603
0.221140
0.258269
0.194617
0.239675
0.254230
0.270687
0.280459
0.291517
0.230407
0.193205
0.200825
0.188559
0.263847
0.189481
0.152425
0.199621
0.240196
0.363569
0.256987
0.360684
0.263641
0.226844
0.331469
0.197538
0.347283
0.327944
0.238153
0.198171
0.205055
0.272992
0.247284
0.141095
0.325467
0.158036
0.207798
0.214511
0.280083
0.314486
0.248647
0.278241
0.244666
0.187665
0.182409
0.243840
0.208029
0.282074
0.147598
0.256218
0.112910
0.295392
0.273875
0.223169
0.127340
0.182244
0.342432
0.202129
0.265473
0.158176
0.187233
0.292920
0.443932
0.198813
0.339020
0.194222
0.210281
0.213519
0.240556
0.152889
0.222647
0.307471
0.159375
0.285492
0.218790
0.309470
0.251861
0.282849
0.347193
0.203382
0.294261
0.346941
0.306829
0.254004
0.359210
0.266916
0.215954
0.157519
0.208229
0.281682
0.143532
0.155947
0.213045
0.368435
0.259404
0.164935
0.278603
0.260645
0.196009
0.162842
0.177212
0.180038
0.264413
0.238558
0.223627
0.192469
0.232320
0.331258
0.284651
0.209598
0.308590
0.229811
0.253977
0.167434
0.253817
0.255495
0.202354
0.183697
0.260773
0.235814
0.187743
0.219385
0.164560
0.197380
0.233919
0.237658
0.330341
0.266819
0.268810
0.239837
0.238037
0.234723
0.328452
0.245932
0.259948
0.156488
0.316059
0.182198
0.227675
0.152883
0.327248
0.212288
0.173191
0.241056
0.194057
0.264643
0.241940
0.275872
0.362410
0.218478
0.264405
0.295255
0.210158
0.216176
0.229217
0.377262
0.252169
0.324646
0.183330
0.316763
0.458147
0.288617
0.466553
0.241668
0.257801
0.358635
0.340589
0.277821
0.144035
0.220247
0.320891
0.259534
0.180732
0.276364
0.218393
0.309867
0.265107
0.176209
0.393437
0.328014
0.112085
0.306990
0.225617
0.263855
0.218859
0.385260
0.195645
0.250719
0.225040
0.214477
0.212885
0.335032
0.250156
0.134905
0.154802
0.203800
0.281543
0.280951
0.229867
0.182992
0.280325
0.168302
0.190443
0.361387
0.188709
0.185695
0.160861
0.255803
0.145136
0.251367
0.277542
0.212303
0.228425
0.371970
0.342826
0.204835
0.205183
0.152443
0.155041
0.222394
0.300968
0.207588
0.299777
0.348657
0.216208
0.203033
0.151358
0.278201
0.352380
0.279360
0.305371
0.196071
0.238884
0.294547
0.387741
0.163389
0.297260
0.186814
0.235999
0.202751
0.295431
0.260380
0.285520
0.288319
0.327300
0.238804
0.194534
0.312679
0.177885
0.302871
0.210576
0.285229
0.130160
0.248153
0.216648
0.270244
0.146235
0.282285
0.177774
0.232953
0.189677
0.274250
0.230108
0.395242
0.193437
0.190630
0.201469
0.207033
0.257894
0.102083
0.241743
0.175356
0.287294
0.258811
0.252007
0.261711
0.246609
0.178963
0.270920
0.254760
0.221168
0.239239
0.224628
0.259955
0.194014
0.250610
0.244050
0.243072
0.181705
0.304532
0.207673
0.177368
0.318129
0.436485
0.291665
0.180396
0.327087
0.338501
0.246530
0.277313
0.168992
0.387802
0.351053
0.307944
0.218420
0.174025
0.187152
0.266098
0.194368
0.211709
0.197043
0.238350
0.298624
0.237776
0.268672
0.179949
0.194905
0.230075
0.153391
0.241361
0.223918
0.208977
0.205306
0.154604
0.201159
0.241102
0.119588
0.212865
0.198979
0.196009
0.132770
0.393181
0.178514
0.157507
0.169621
0.226053
0.176340
0.163282
0.364482
0.249640
0.280486
0.280037
0.235596
0.211189
0.284488
0.138586
0.228828
0.247213
0.175314
0.120698
0.273476
0.137871
0.302104
0.204938
0.132286
0.236766
0.266069
0.202646
0.082104
0.250175
0.247348
0.199204
0.167185
0.194653
0.151396
0.226738
0.273976
0.204075
0.274881
0.237775
0.199012
0.232915
0.139190
0.207635
0.256803
0.212588
0.240789
0.210215
0.223474
0.251159
0.185850
0.214460
0.247256
0.199863
0.133099
0.219791
0.271267
0.264511
0.129544
0.200769
0.170617
0.201861
0.199433
0.282177
0.154223
0.299755
0.270855
0.287447
0.302276
0.277229
0.142475
0.183040
0.232600
0.263912
0.214465
0.155281
0.163376
0.226590
0.169221
0.274841
0.367623
0.199031
0.312249
0.249661
0.194090
0.084142
0.224498
0.220252
0.176784
0.223011
0.219111
0.129868
0.233532
0.269471
0.184631
0.168906
0.330964
0.281009
0.254697
0.213635
0.178652
0.197507
0.110347
0.324221
0.121330
0.426452
0.172902
0.319725
0.322177
0.225162
0.302334
0.347208
0.200783
0.308807
0.292131
0.234804
0.253624
0.447073
0.250323
0.289086
0.237180
0.308206
0.224368
0.150144
0.201051
0.138082
0.255870
0.206131
0.120676
0.272868
0.180087
0.255643
0.200296
0.257601
0.208165
0.204726
0.166706
0.287583
0.293093
0.237392
0.283968
0.205120
0.254868
0.199461
0.262907
0.255048
0.148961
0.177528
0.300619
0.145926
0.147749
0.253456
0.155489
0.180878
0.325315
0.260206
0.226520
0.254986
0.339244
0.264598
0.325574
0.307702
0.251224
0.105164
0.250471
0.468358
0.245933
0.247834
0.157928
0.362149
0.277947
0.106637
0.235275
0.311348
0.224567
0.248082
0.240004
0.137170
0.211777
0.296354
0.302656
0.270753
0.112848
0.161010
0.221564
0.310185
0.220078
0.244262
0.235185
0.357642
0.200487
0.177010
0.208004
0.222119
0.162849
0.257662
0.163687
0.380062
0.178450
0.221256
0.241944
0.168760
0.228634
0.215808
0.198327
0.166189
0.256611
0.370619
0.302905
0.156614
0.165056
0.199809
0.281042
0.306771
0.242311
0.270696
0.195973
0.269601
0.186039
0.248643
0.208088
0.207856
0.141278
0.405322
0.219680
0.276848
0.313831
0.209917
0.133257
0.281388
0.308389
0.258773
0.333682
0.148105
0.182568
0.158268
0.192863
0.194865
0.291513
0.165359
0.257048
0.366497
0.190124
0.148048
0.154404
0.206282
0.238097
0.176931
0.188838
0.282165
0.208697
0.181837
0.235014
0.212242
0.209853
0.187351
0.207804
0.270439
0.266330
0.186160
0.263562
0.102529
0.248815
0.149804
0.190023
0.245490
0.204954
0.285033
0.292070
0.145215
0.141431
0.133004
0.170014
0.334073
0.187108
0.130538
0.281939
0.169385
0.296464
0.268771
0.293942
0.273999
0.247338
0.237047
0.173265
0.153503
0.223937
0.164953
0.272579
0.254497
0.212726
0.140223
0.317594
0.208639
0.202126
0.233759
0.222361
0.223061
0.209247
0.194879
0.223278
0.221064
0.184363
0.264876
0.219038
0.200594
0.335099
0.199581
0.215769
0.248958
0.234080
0.351172
0.218442
0.288147
0.250988
0.219250
0.126133
0.262078
0.272665
0.301049
0.204253
0.289496
0.331695
0.307831
0.247624
0.207605
0.219989
0.241172
0.293480
0.235621
0.205318
0.207224
0.218502
0.286452
0.217343
0.262093
0.286870
0.323123
0.214961
0.332020
0.175806
0.211688
0.240293
0.259238
0.280230
0.189725
0.234860
0.205806
0.194545
0.336111
0.211862
0.175675
0.184579
0.351416
0.236929
0.285797
0.324067
0.132670
0.267282
0.345561
0.205931
0.276491
0.252357
0.307374
0.113939
0.313551
0.199564
0.198317
0.206928
0.233492
0.242935
0.368000
0.241116
0.159446
0.205122
0.354632
0.158804
0.244885
0.216420
0.215524
0.261275
0.178530
0.281105
0.140187
0.127592
0.258902
