2.425889
2.330754
2.230894
2.362394
2.082796
2.227819
2.102756
2.005765
2.069275
1.928334
1.913676
1.858652
1.954860
1.916449
1.881322
1.863827
1.823512
1.827749
1.831372
1.723315
1.717013
1.894702
1.758351
1.804319
1.709543
1.683011
1.787722
1.923551
1.856968
1.765837
1.808303
1.840831
1.674982
1.825512
1.712139
1.779107
1.559095
1.847468
1.694292
1.525168
1.645793
1.700735
1.607342
1.908180
1.766540
1.492387
1.519792
1.755803
1.644527
1.583190
1.642162
1.587282
1.535460
1.514952
1.810584
1.786804
1.707047
1.721367
1.717744
1.593125
1.566966
1.587818
1.591584
1.475192
1.629604
1.596399
1.635370
1.567987
1.528387
1.571612
1.470179
1.484268
1.534795
1.499922
1.511641
1.620109
1.551938
1.523258
1.547299
1.416415
1.602581
1.551474
1.468979
1.462433
1.549157
1.505652
1.501680
1.507642
1.431080
1.353324
1.298126
1.498203
1.492888
1.473072
1.602066
1.434836
1.438286
1.505567
1.556532
1.543191
1.625931
1.546746
1.617684
1.525850
1.520239
1.516121
1.432884
1.500813
1.339176
1.546810
1.440307
1.603183
1.329934
1.428973
1.340724
1.471941
1.629217
1.397425
1.487793
1.260228
1.324834
1.348930
1.553682
1.397437
1.498676
1.571520
1.395167
1.635146
1.530894
1.554671
1.513905
1.363948
1.480090
1.391532
1.453699
1.420676
1.390448
1.369814
1.573879
1.568855
1.329488
1.450583
1.403099
1.483026
1.340056
1.466306
1.383219
1.522332
1.417578
1.449535
1.217761
1.426427
1.298415
1.470030
1.590229
1.402851
1.469083
1.378207
1.351000
1.349470
1.405902
1.383731
1.252925
1.537884
1.372006
1.115774
1.315422
1.554122
1.520290
1.446319
1.264036
1.535719
1.607378
1.411771
1.670814
1.344470
1.327116
1.229676
1.382818
1.726579
1.296096
1.476980
1.444561
1.289160
1.413268
1.446706
1.183378
1.430535
1.378739
1.331265
1.308158
1.413844
1.399276
1.356534
1.346819
1.386121
1.291251
1.335867
1.189831
1.314976
1.347006
1.279294
1.198538
1.408663
1.295762
1.437474
1.217666
1.271594
1.337346
1.470330
1.472174
1.250715
1.379146
1.402461
1.359147
1.348694
1.407506
1.380505
1.416495
1.295992
1.140568
1.369898
1.079409
1.350638
1.321505
1.337355
1.218286
1.374066
1.319558
1.283419
1.419553
1.320490
1.378821
1.183108
1.517599
1.288582
1.407336
1.301280
1.387170
1.218004
1.370374
1.323318
1.288997
1.486080
1.301510
1.205772
1.287023
1.208451
1.267384
1.567709
1.434478
1.373936
1.372628
1.190466
1.323329
1.335888
1.244627
1.279835
1.419686
1.318725
1.139537
1.328084
1.293275
1.235930
1.300298
1.101949
1.359887
1.211375
1.319844
1.231683
1.280285
1.353800
1.287271
1.107014
1.146312
1.217242
1.247756
1.334305
1.170206
1.372622
1.071041
1.333152
1.347048
1.179993
1.262656
1.222305
1.045364
1.298806
1.324793
1.236444
1.157074
1.151200
1.266431
1.077745
1.010212
1.238425
1.381017
1.280646
1.264902
1.172741
1.212266
1.187245
1.102113
1.221944
1.299007
1.387811
1.169931
1.305657
1.345121
1.232968
1.149678
1.192659
1.243129
1.139235
1.338682
1.162449
1.212868
1.537732
1.035962
1.264393
1.350049
1.181884
1.301241
1.407734
1.082775
1.236361
1.144334
1.085221
1.089363
1.166217
1.078341
1.174513
1.057087
1.117004
1.217138
1.285038
1.256672
1.126470
1.133988
1.141625
1.215282
1.212929
1.291270
1.329430
0.936661
1.170541
1.243077
1.198681
1.179712
1.202639
1.107683
1.204381
1.089839
1.182334
1.314899
1.049998
1.003535
0.969630
1.155497
1.321976
1.191945
1.308808
1.105163
1.296175
1.084132
1.193540
1.201961
1.213345
1.268931
1.124837
1.134879
1.360910
1.258339
1.357527
1.246106
1.131324
1.013751
1.156812
1.122854
1.160421
1.049985
1.215509
1.230686
1.074012
1.269877
1.234411
1.050304
1.383209
1.080330
1.189957
1.176980
1.161448
1.173587
1.161631
1.163289
1.096663
1.258706
1.152465
1.020727
1.273376
1.124688
1.128297
1.232676
1.144031
1.080813
1.224550
1.178065
1.077253
1.198644
1.224737
1.067369
1.127163
1.102913
1.235442
0.993563
1.210453
1.110654
1.243491
1.067927
1.188413
1.063274
1.078563
1.139650
1.321489
1.112079
1.112420
1.239832
1.021759
1.186140
1.062751
1.113341
0.994008
1.013108
1.069623
1.165769
1.045612
1.069627
0.948774
0.949864
1.107776
1.050299
1.089987
1.190828
1.157398
1.236505
1.219385
1.148602
1.053068
1.209958
1.044055
1.097075
1.008703
1.254910
1.213997
1.117957
1.120064
1.113209
1.042239
1.054358
1.092101
0.968877
1.125974
0.993570
1.174189
1.048960
0.975074
0.977384
1.106924
1.010545
1.305972
1.144206
1.082171
1.171465
1.181288
1.113148
1.144717
1.156367
1.178797
1.136498
1.007294
1.134758
0.975975
0.973350
1.195893
1.236177
1.193739
1.107404
1.209292
1.035159
0.860681
1.064861
1.071432
1.045654
1.247308
1.132609
1.096498
1.183704
1.151533
1.137025
1.211769
1.038266
1.141949
0.974047
1.000509
1.358169
1.021299
1.068739
1.082050
1.077396
0.930676
0.944362
1.231920
1.128800
1.086330
1.203689
0.978909
0.954677
0.923104
1.013165
1.086150
1.240686
1.208388
1.097596
1.026750
0.986084
0.933007
1.140541
1.070182
0.911341
0.936752
0.989539
0.879484
1.164118
1.074976
1.087247
0.996081
1.126825
0.921774
1.009672
1.102186
1.187103
1.057212
0.951454
0.926098
1.014267
1.144536
1.194496
1.073246
1.223838
1.197586
1.141082
1.041459
1.433964
1.112714
1.066223
1.157064
1.060850
1.090769
1.003138
0.947064
1.185785
1.098801
0.933994
0.969085
1.260316
1.092118
1.184759
0.932154
0.999513
1.064708
1.155573
1.166299
1.055927
0.861839
1.177243
1.154418
1.076318
1.095517
0.966097
1.043365
1.102526
1.032169
1.214471
1.041590
1.066723
1.092812
1.083131
1.046369
1.079110
0.938700
1.180053
0.981207
0.969663
1.148591
1.034659
1.132643
0.963662
0.995541
0.975064
1.193204
1.073354
1.097062
1.278548
1.096360
1.063910
1.057432
1.074014
1.093084
0.942574
0.971138
1.010879
0.899257
0.993052
0.911960
1.011016
0.922673
0.799315
0.925562
1.311777
1.091272
1.080073
1.090119
1.096421
1.228994
0.985894
1.055226
1.120952
1.027650
1.142949
1.225878
0.970797
1.096135
1.050159
0.967718
1.235324
1.014781
1.065571
1.062907
0.952809
0.956525
0.936563
1.007759
1.116150
1.089298
1.060610
1.045234
1.076705
1.054162
1.021474
0.975232
0.996366
1.065610
1.001936
1.123651
0.942114
1.043961
1.183069
1.256878
0.862678
1.008269
1.039345
0.978476
0.901238
1.099517
0.913775
0.990558
0.942481
1.084573
1.123734
0.859513
0.959757
1.088467
1.051565
1.057115
1.109645
1.040081
0.910715
1.132565
1.107365
1.094172
1.099846
0.952963
0.924424
1.058919
0.929049
1.099114
0.891951
0.961956
0.930854
1.011385
1.064751
1.023871
0.973883
0.932614
1.109169
1.009683
0.927248
0.969579
0.928241
0.958865
1.120938
1.010926
0.960429
1.016918
0.854003
1.052284
1.132489
0.847637
1.075982
0.848207
1.144063
0.931297
1.006865
0.884675
0.907342
1.055853
0.890001
0.955016
0.917464
0.938546
0.973963
1.062079
0.871034
0.978566
0.843896
1.016604
0.838385
1.043848
1.118391
1.042860
0.964827
0.818647
1.049342
0.931130
1.071720
0.840200
0.935674
0.988041
0.915945
0.843321
1.073787
0.980669
1.161879
0.840289
0.920820
0.762441
1.131918
0.865888
1.048814
0.970891
0.919381
0.971392
1.041637
0.919279
0.964153
1.044940
0.928804
1.067361
1.257224
1.060021
0.962249
0.856284
0.888150
0.979006
1.176200
0.920412
0.931718
1.104424
0.918419
0.896049
0.846217
0.910634
1.026959
0.987159
1.102939
1.082271
0.917823
0.942656
1.000274
1.045417
0.959382
0.875146
0.861982
1.020700
0.981496
0.828651
0.820215
0.985995
1.045038
0.943304
0.909600
0.858350
0.945545
1.039204
1.115930
0.937140
1.000449
0.867080
0.907388
0.928702
1.090392
0.936583
0.854563
0.950651
1.009501
1.018313
0.983933
1.130051
0.871802
0.868421
1.067778
0.897946
0.809732
1.060326
0.899811
0.956850
0.887662
0.843289
0.924134
1.047178
1.069200
0.862911
0.997968
0.964410
0.915903
0.967684
1.067684
0.859048
0.949641
0.974354
0.780255
1.031440
0.981127
0.893443
0.940746
0.994567
0.923996
1.042257
0.830836
0.941281
0.847332
0.823355
1.074178
0.716721
0.911999
0.949899
0.905927
0.793612
0.841097
0.982866
0.993380
0.922925
0.827231
0.912010
0.916355
0.931627
1.160779
0.741644
0.773943
1.080103
1.039378
0.949053
0.898964
0.952215
0.887608
0.853187
0.927326
0.940831
0.816855
0.862135
0.901673
0.889503
0.999822
0.801293
0.895818
0.826769
1.003948
1.100702
0.839106
1.105413
0.989686
0.993717
1.054672
0.940481
0.855306
0.957721
0.965099
1.064878
0.853419
0.783379
1.123354
0.944550
0.827161
0.982427
0.923681
0.934723
0.889615
1.100193
0.863459
0.950957
0.880508
0.886559
0.991907
0.907285
1.027047
0.931782
1.009730
0.924008
1.053522
0.907879
0.827910
0.956700
1.036410
0.889624
1.132925
0.808990
0.902413
0.946772
0.968991
1.009960
1.045405
0.986187
0.885679
0.905552
0.876127
1.128005
1.046360
0.944672
0.959252
0.799255
1.123817
0.941320
0.818960
0.960420
0.843171
1.071401
0.901282
0.904924
0.890589
1.191936
0.814649
1.017108
0.868439
0.916280
0.982236
0.956116
0.922823
0.930201
0.852350
0.858365
0.981587
0.725323
0.797381
0.823593
0.796384
0.976140
0.832634
0.860082
0.826810
0.933413
1.148271
0.849204
0.867274
0.819109
1.034149
0.914571
0.965473
0.858063
0.833267
1.079466
0.877393
0.883108
1.017250
0.922842
0.875803
0.975543
1.015881
0.787739
0.959089
0.900331
0.764821
0.931193
0.898548
0.908253
0.837176
1.080147
1.108852
0.966747
0.868192
0.843975
0.843617
0.861796
0.923313
0.882336
0.852790
0.918091
0.908130
0.852577
0.878708
0.808061
0.840972
1.046047
0.869169
0.851986
0.808263
0.919759
0.879829
0.871206
0.981189
0.775172
0.768568
0.910028
0.975854
0.901420
0.968528
0.859447
1.056574
0.870688
0.918243
1.073940
0.971748
0.916597
0.934899
0.823246
0.894215
0.735067
0.819481
0.881347
1.014408
0.695572
0.890678
0.896136
0.944017
0.872807
0.863109
0.772837
0.784671
0.987199
0.803082
0.933168
0.852510
0.762632
0.738673
0.898562
0.984600
1.054970
0.927491
0.874672
1.011707
0.894864
0.746113
0.900629
0.753402
0.843401
0.752114
0.852411
0.774518
0.957291
0.789388
0.851705
0.869918
0.839845
0.865602
0.831737
0.830479
0.796129
0.812526
0.841519
0.782124
0.875919
0.914359
0.944366
0.812560
0.865350
1.052598
0.864811
0.827835
0.970310
0.862609
0.717087
0.922551
0.963892
0.849837
0.793519
0.888479
0.715872
0.982250
0.888295
0.862946
0.797335
0.781572
0.877213
0.843078
0.890528
0.766648
0.851735
0.982927
0.865152
0.818184
1.024298
0.960327
0.743848
0.938113
0.689213
0.786139
0.963325
0.758434
0.833115
1.154797
0.834867
0.858332
0.895847
0.810746
1.020935
0.805178
1.017702
0.877249
0.884199
0.980916
0.927351
0.873957
0.972430
0.920488
0.748690
0.710484
0.900701
0.934920
0.873879
0.886869
0.858319
0.810628
0.826178
1.019526
0.948171
0.957833
0.746525
0.901254
0.908110
0.772445
0.878335
0.943869
0.796537
0.963180
0.796334
0.818271
0.732799
0.933171
0.867036
0.899392
1.002892
0.862662
0.703312
0.812916
0.898609
0.965278
0.729682
0.817574
0.763768
0.820459
0.875265
1.032573
0.831074
0.867671
0.779848
0.761728
0.733054
1.115760
0.756269
0.739162
0.773313
1.034526
0.751452
0.836874
0.983453
0.764707
0.968519
0.769458
0.781675
0.933961
0.817859
0.696799
0.912050
0.784499
0.903138
0.682640
0.938693
0.867154
0.824704
0.696779
0.790587
0.781148
0.930642
1.074319
0.855881
0.854291
0.737635
0.759005
0.811713
0.892903
0.845731
0.937500
0.645582
1.092907
0.905378
0.887631
0.833068
1.075485
0.791849
0.896448
0.780295
0.842659
0.907082
0.918978
1.077169
0.988837
0.718417
0.948070
0.813583
0.723488
0.936614
0.910559
0.840864
0.992957
0.841087
0.711151
0.925721
0.880956
0.853023
0.797604
0.795831
0.998461
0.690277
0.832222
0.853027
0.608985
0.803479
0.704161
0.801684
0.763060
0.889529
0.810884
0.797256
1.029503
0.751799
0.859362
0.696295
0.905187
0.754905
0.831421
0.696510
0.556720
0.855701
0.638279
0.893339
0.919975
0.688060
0.832393
0.811700
0.783241
0.723678
0.831995
0.797355
0.857451
0.867957
0.750258
0.848440
0.798137
0.767805
0.717307
0.764209
0.872770
0.918302
0.936166
0.819697
0.937344
0.734868
0.908853
0.762628
0.956015
0.943548
0.852411
0.767383
0.851028
0.700832
0.881546
0.762744
0.749718
0.839310
0.793083
0.808818
0.711753
0.689060
0.761193
0.819731
0.782964
0.723556
0.802928
0.877596
0.841507
0.853737
0.814809
0.865781
0.759204
0.919196
0.957348
0.589329
0.926912
0.776056
0.848332
0.703396
0.662700
0.855730
0.787846
0.833440
0.886590
0.771106
0.714467
0.746648
0.837022
0.635550
0.711573
1.059726
0.918690
0.871602
0.764436
0.765283
0.714585
0.853220
1.034901
0.749735
0.610899
0.840569
0.919740
0.673515
0.734004
0.727105
0.862436
0.847927
0.873562
0.768045
0.864221
0.673961
0.945522
0.729104
0.927505
0.967907
0.596094
0.899528
0.714162
0.735506
0.732265
0.796180
0.719046
0.834722
0.708152
0.801312
0.849861
1.097026
0.841934
0.659579
0.910629
0.802841
0.668085
0.808644
0.845913
0.776168
0.795972
0.945740
0.702235
0.817894
0.791479
0.811802
0.952827
0.812645
0.872877
0.856261
0.758599
0.741491
0.750900
0.657480
0.655904
0.781222
0.836930
0.646364
0.690761
0.987041
1.016847
0.932870
0.802363
0.721403
0.902817
0.753839
0.770635
0.931924
0.713786
0.764216
0.661379
0.944456
0.833635
0.784125
0.769386
0.843720
0.841777
0.809358
0.870709
0.842095
0.740810
0.966912
0.763423
0.839526
0.824746
0.616854
0.819950
0.796679
0.783283
0.724523
0.798674
0.830346
0.733416
0.777859
0.682692
0.751823
0.728547
0.861245
0.724944
0.722145
0.813242
0.823976
0.601919
0.853049
0.863857
0.638149
0.833928
0.910775
1.129531
0.676794
0.946450
0.703953
0.756977
0.753092
0.602419
0.932501
0.690503
0.718470
0.748569
0.777371
0.684567
0.751287
0.842397
0.953821
0.683656
0.967670
0.715348
0.943350
0.808394
0.836363
0.776476
0.789566
0.674243
0.916615
0.798028
0.754855
0.671736
0.785653
0.737432
0.813784
0.838027
1.015896
0.865998
0.660425
0.769485
0.804439
0.641599
0.639990
0.705576
0.925363
0.704093
0.776657
0.818774
0.741948
0.678175
0.737994
0.756790
0.770546
0.796473
0.791129
0.840360
0.863749
0.655964
0.851872
0.840923
0.677415
0.907406
0.919610
0.893403
0.777727
0.731071
0.772077
0.864836
0.908523
0.698788
0.752453
0.652666
0.800784
0.639737
0.780589
0.660423
0.692623
0.646163
0.791515
0.810073
0.906029
0.712954
0.812256
0.818705
0.642245
0.789257
0.763108
0.842913
0.902652
0.952504
0.723276
0.714974
0.917448
0.746967
0.770023
0.907682
0.679718
0.716215
0.812490
0.772543
0.683661
0.723716
0.738460
0.872821
0.829545
0.925967
0.819093
0.872149
0.895835
0.708127
0.745702
0.702842
0.755338
0.682725
0.751438
0.753332
0.811392
0.823180
0.724298
0.685609
0.696035
0.872662
0.694208
0.692223
0.753878
0.803594
0.616268
0.772003
0.794204
0.764841
0.810222
0.959464
0.726232
0.753584
0.986934
0.777699
0.776349
0.647206
0.798024
0.567722
0.708690
0.876631
0.609189
0.709569
0.797560
0.676403
0.694098
0.741705
0.671831
0.816231
0.708034
0.603259
0.763938
0.722969
0.846344
0.529948
0.663302
0.702337
0.836834
0.608577
0.879384
0.637260
0.743705
0.574374
0.786400
0.957259
0.639683
0.770072
0.641248
0.866065
0.667627
0.777009
0.679903
0.852918
0.674224
0.887823
0.747248
0.810835
0.746524
0.747336
0.801017
0.826572
0.639530
0.629100
0.711530
0.708743
0.881172
0.815063
0.600954
0.578667
0.755783
0.978259
0.749121
0.758476
0.658149
0.813435
0.823767
0.771165
0.836286
0.855719
0.700185
0.662697
0.683326
0.703451
0.655999
0.613250
0.884309
0.672890
0.989134
0.798113
0.674524
0.724581
0.700351
0.698835
0.828855
0.705926
0.733198
0.715939
0.624645
0.741791
0.596526
0.779271
0.624124
0.781552
0.507882
0.774468
0.700731
0.715139
0.654631
0.977948
0.753718
0.789794
0.609979
0.893038
0.850059
0.769307
0.713115
0.737494
0.780017
0.693217
0.671048
0.561712
0.640073
0.648355
0.776670
0.968019
0.612686
0.810245
0.652206
0.615190
0.826571
0.629116
0.811623
0.815619
0.730854
0.692202
0.800380
0.726405
0.744479
0.625058
0.700016
0.573384
0.720299
0.748452
0.669020
0.796464
0.884909
0.603308
0.772385
0.741974
0.846055
0.664557
0.845118
0.909213
0.801669
0.840838
0.841654
0.657903
0.873049
0.739309
0.750779
0.795832
0.647284
0.739827
0.667712
0.588570
0.832182
0.655900
0.851018
0.710572
0.744150
0.615618
0.733481
0.633744
0.623285
0.810607
0.621952
0.853334
0.668666
0.648826
0.721651
0.838930
0.705359
0.813101
0.776685
0.755467
0.694949
0.742076
0.737741
0.605637
0.700389
0.939310
1.059345
0.748866
0.692582
0.891685
0.750821
0.794269
0.799989
0.856907
0.792857
0.642684
0.888172
0.768073
0.827099
0.713726
0.695125
0.686184
0.793303
0.660430
0.665920
0.664068
0.714303
0.639460
0.728349
0.521940
0.759150
0.720154
0.531613
0.595266
0.713470
0.790902
0.628084
0.814577
0.735932
0.750508
0.532664
0.759939
0.724576
0.722172
0.673322
0.762144
0.760929
0.823552
0.643522
0.794935
0.674562
0.881071
0.631099
0.826322
0.716218
0.739654
0.896182
0.737099
0.614715
0.607817
0.644650
0.610125
0.796272
0.631279
0.810735
0.686390
0.651954
0.599813
0.704302
0.757022
0.834461
0.741875
0.631405
0.750570
0.866379
0.581887
0.747171
0.579699
0.661673
0.894410
0.711547
0.703059
0.739640
0.760702
0.631800
0.683077
0.761100
0.718312
0.770980
0.671625
0.780781
0.767172
0.683895
0.749608
0.997733
0.629406
0.679554
0.857531
0.766694
0.510832
0.644331
0.712657
0.764009
0.748798
0.695568
0.642959
0.655369
0.571153
0.732931
0.603371
0.779964
0.693755
0.843760
0.705881
0.787943
0.747819
0.728779
0.739741
0.705407
0.610813
0.674067
0.717985
0.825336
0.916432
0.725079
0.797403
0.701832
0.762255
0.636800
0.733024
0.860556
0.711254
0.601283
0.694660
0.713994
0.744726
0.614699
0.685066
0.639432
0.683129
0.677469
0.585721
0.711152
0.787520
0.602062
0.622532
0.693595
0.794572
0.755691
0.716422
0.680190
0.756004
0.750509
0.788122
0.844315
0.589569
0.797855
0.568375
0.749429
0.825077
0.746384
0.695346
0.864454
0.823093
0.776371
0.738392
0.698237
0.688464
0.791825
0.724620
0.916828
0.811552
0.743740
0.660455
0.711027
0.696138
0.595656
0.582435
0.762538
0.536420
0.659891
0.518435
0.695664
0.742934
0.696971
0.620587
0.683365
0.661675
0.779043
0.571124
0.651794
0.649211
0.657332
0.917743
0.758775
0.675351
0.736740
0.684887
0.602971
0.637051
0.836645
0.652857
0.620472
0.824348
0.723082
0.591101
0.804041
0.526296
0.691312
0.580646
0.795627
0.554357
0.768545
0.567685
0.700162
0.588814
0.810120
0.833678
0.584912
0.741226
0.572665
0.702910
0.770989
0.702671
0.723595
0.685698
0.590126
0.650868
0.577017
0.721445
0.697594
0.547657
0.630993
0.693715
0.653219
0.627011
0.722486
0.818915
0.524600
0.610561
0.773107
0.580245
0.691874
0.593297
0.552300
0.592366
0.676995
0.752526
0.625039
0.581333
0.694862
0.644592
0.632127
0.662063
0.702644
0.714820
0.705043
0.650076
0.925833
0.603911
0.690168
0.698853
0.730861
0.729842
0.772879
0.548028
0.792946
0.507832
0.564227
0.540465
0.598455
0.698025
0.735110
0.594306
0.815917
0.725114
0.801899
0.603130
0.567989
0.735150
0.562272
0.813662
0.724150
0.600308
0.630281
0.555537
0.544639
0.637117
0.611472
0.780351
0.932588
0.577248
0.725209
0.688256
0.774590
0.541141
0.626882
0.837769
0.579274
0.607989
0.648228
0.676500
0.679346
0.864999
0.651176
0.580355
0.744459
0.783546
0.663168
0.562596
0.696122
0.766714
0.638537
0.620359
0.718695
0.834096
0.501069
0.811957
0.494574
0.847243
0.684054
0.670482
0.627687
0.678743
0.599685
0.755275
0.726363
0.639501
0.617961
0.623401
0.620503
0.496326
0.694899
0.592802
0.610965
0.543460
0.711367
0.805787
0.771635
0.547317
0.717195
0.677200
0.601947
0.803879
0.565757
0.568767
0.648369
0.701002
0.720574
0.809542
0.913349
0.773752
0.653912
0.570146
0.573638
0.493160
0.734294
0.603225
0.748242
0.726302
0.615774
0.637550
0.815419
0.809710
0.661948
0.879313
0.676227
0.626870
0.663969
0.723121
0.764100
0.667645
0.817683
0.706430
0.689070
0.709216
0.542386
0.584101
0.567637
0.754908
0.707268
0.694478
0.623707
0.748159
0.635188
0.599315
0.900488
0.615066
0.641292
0.698840
0.742778
0.778466
0.626824
0.761364
0.698229
0.704804
0.606349
0.760764
0.462637
0.878813
0.643661
0.723735
0.885929
0.758292
0.635968
0.588494
0.657470
0.747526
0.574107
0.634509
0.805773
0.633496
0.681874
0.740853
0.565403
0.562524
0.510812
0.756602
0.655510
0.642072
0.709236
0.513695
0.689115
0.652664
0.777108
0.649830
0.659000
0.839166
0.747003
0.712271
0.613948
0.545661
0.781144
0.761180
0.635941
0.557706
0.513970
0.758973
0.690905
0.641671
0.835803
0.710398
0.795237
0.627095
0.766946
0.726983
0.642582
0.643213
0.751456
0.606444
0.806406
0.728450
0.588082
0.530408
0.673348
0.651960
0.818474
0.628397
0.836908
0.643806
0.651688
0.676582
0.586139
0.569984
0.784203
0.629994
0.726431
0.837808
0.616674
0.705962
0.647557
0.742368
0.662554
0.763232
0.631908
0.639019
0.560615
0.696253
0.623299
0.584489
0.805914
0.750608
0.515708
0.534143
0.586667
0.805020
0.617692
0.626804
0.588297
0.612724
0.710208
0.526207
0.656203
0.692622
0.775990
0.684935
0.681670
0.587801
0.808690
0.702901
0.641934
0.596844
0.689472
0.736023
0.478260
0.557539
0.776620
0.474292
0.837305
0.728148
0.646895
0.751836
0.829573
0.598260
0.560501
0.869749
0.684683
0.665430
0.769878
0.533741
0.597647
0.716727
0.676918
0.786251
0.758003
0.722005
0.617700
0.684226
0.611072
0.639558
0.604034
0.745563
0.546884
0.602678
0.719554
0.631474
0.630123
0.660203
0.614510
0.591389
0.584336
0.709180
0.663200
0.599565
0.688320
0.743600
0.589343
0.644667
0.797636
0.661703
0.612333
0.822890
0.746761
0.553511
0.586728
0.520051
0.719392
0.744771
0.655970
0.688883
0.656558
0.873224
0.675425
0.628600
0.658856
0.632115
0.677534
0.715329
0.861000
0.682835
0.641550
0.573191
0.785527
0.818636
0.591976
0.535778
0.576737
0.693716
0.614814
0.692523
0.563324
0.599197
0.479955
0.532035
0.662058
0.634333
0.616724
0.672341
0.821725
0.717120
0.580985
0.695280
0.563988
0.861366
0.693955
0.492912
0.665514
0.613950
0.656626
0.612099
0.685778
0.603154
0.600555
0.718180
0.686130
0.739114
0.601458
0.498821
0.763732
0.469253
0.791393
0.707880
0.643999
0.584837
0.525149
0.647529
0.693664
0.654553
0.652221
0.684963
0.556880
0.518712
0.620545
0.740906
0.561650
0.505325
0.423280
0.614893
0.794923
0.646915
0.618863
0.593576
0.592791
0.495397
0.556093
0.638393
0.542738
0.650073
0.579668
0.888950
0.679997
0.759698
0.689018
0.579047
0.701063
0.522345
0.566671
0.685671
0.713961
0.649238
0.683707
0.719517
0.602545
0.643095
0.613721
0.563725
0.644891
0.756330
0.681427
0.753779
0.775004
0.700702
0.420445
0.933850
0.589393
0.669216
0.475573
0.571380
0.699376
0.476495
0.726370
0.815533
0.660560
0.609455
0.636066
0.658256
0.614602
0.561420
0.569563
0.889059
0.597069
0.689723
0.564625
0.514804
0.475392
0.854850
0.713689
0.679110
0.658649
0.628540
0.732905
0.514425
0.659702
0.651235
0.748168
0.654857
0.702634
0.744432
0.612508
0.469405
0.589877
0.483013
0.608209
0.655801
0.690613
0.586844
0.481264
0.412154
0.718039
0.454469
0.744327
0.591202
0.709633
0.555648
0.772571
0.603710
0.657025
0.583271
0.750631
0.696665
0.681807
0.757964
0.695916
0.561998
0.686986
0.498389
0.565763
0.632431
0.605922
0.663043
0.765701
0.510750
0.613756
0.452765
0.662659
0.632105
0.550300
0.724089
0.602263
0.513591
0.635204
0.562718
0.639058
0.727394
0.833670
0.566976
0.586575
0.640170
0.727876
0.587931
0.868893
0.658051
0.537075
0.596753
0.652970
0.591753
0.716066
0.679418
0.630525
0.467031
0.581572
0.525495
0.550117
0.568479
0.568042
0.575495
0.690992
0.637830
0.476833
0.431735
0.747318
0.613608
0.699236
0.622690
0.568008
0.515676
0.690564
0.620832
0.473289
0.671303
0.566370
0.735109
0.663453
0.686165
0.599478
0.474280
0.766386
0.583676
0.775698
0.577575
0.481070
0.656037
0.519868
0.588112
0.619927
0.508640
0.686170
0.531497
0.572470
0.683586
0.385527
0.725203
0.808777
0.741634
0.588534
0.770845
0.557620
0.756310
0.574254
0.545034
0.605254
0.683127
0.756231
0.535890
0.764413
0.861220
0.670727
0.526122
0.873082
0.485600
0.710623
0.623181
0.642285
0.576215
0.640316
0.558980
0.681231
0.633582
0.551056
0.670268
0.477537
0.766472
0.762181
0.564947
0.522634
0.560371
0.718616
0.567700
0.811642
0.650067
0.534682
0.665514
0.825782
0.637590
0.658965
0.655922
0.522808
0.633671
0.592996
0.645935
0.570600
0.485784
0.629652
0.611173
0.670106
0.485208
0.843082
0.554051
0.556620
0.534326
0.595050
0.518942
0.759844
0.681812
0.588784
0.572242
0.617239
0.563113
0.513946
0.679861
0.623008
0.576719
0.691033
0.667162
0.591953
0.667623
0.547152
0.536034
0.550360
0.635325
0.729691
0.550357
0.566978
0.518416
0.633741
0.558254
0.528806
0.729315
0.699976
0.733202
0.656166
0.715290
0.731167
0.655547
0.492879
0.592826
0.604905
0.750641
0.720493
0.660989
0.661496
0.666286
0.589693
0.627996
0.546255
0.486919
0.498637
0.476397
0.528558
0.435739
0.792696
0.656461
0.702077
0.679063
0.562323
0.549352
0.656589
0.527905
0.546018
0.628615
0.737744
0.531347
0.461316
0.580484
0.600047
0.546233
0.738616
0.608829
0.694434
0.723249
0.657037
0.559265
0.650951
0.667181
0.721083
0.437202
0.661678
0.611183
0.726005
0.538101
0.530737
0.690462
0.448434
0.673032
0.789860
0.608503
0.574798
0.652116
0.606671
0.661378
0.474577
0.533661
0.603752
0.717793
0.571943
0.672587
0.757121
0.532962
0.610458
0.763990
0.673565
0.622283
0.746813
0.653221
0.662683
0.511638
0.443845
0.691511
0.586514
0.604819
0.499395
0.625989
0.463362
0.658247
0.550080
0.501133
0.665407
0.607447
0.465602
0.558842
0.706399
0.608405
0.548116
0.494933
0.623291
0.672454
0.762416
0.666129
0.503033
0.599654
0.746382
0.570377
0.533388
0.655971
0.611144
0.615961
0.715591
0.457212
0.453030
0.741191
0.610751
0.492010
0.534551
0.538484
0.528791
0.685640
0.537154
0.382344
0.488929
0.605146
0.652834
0.527866
0.567622
0.530411
0.612928
0.688519
0.554000
0.640719
0.554619
0.602317
0.546926
0.613420
0.539770
0.618532
0.494287
0.494381
0.583731
0.702154
0.466779
0.744642
0.471862
0.548103
0.581401
0.537222
0.575966
0.486950
0.607792
0.526433
0.551437
0.518890
0.560444
0.686809
0.459547
0.515705
0.562817
0.601833
0.755938
0.592630
0.622979
0.565918
0.566442
0.617757
0.490770
0.522591
0.628589
0.628800
0.508169
0.548215
0.514713
0.636256
0.656053
0.630138
0.546694
0.622931
0.499959
0.618234
0.652484
0.419143
0.627574
0.432679
0.618234
0.577177
0.687084
0.595600
0.664207
0.599973
0.499164
0.739422
0.519464
0.602778
0.599970
0.791186
0.717504
0.578869
0.552928
0.563045
0.716156
0.434003
0.537264
0.648723
0.459424
0.631315
0.534192
0.439569
0.647912
0.694131
0.674157
0.654103
0.607846
0.563261
0.657760
0.497850
0.609143
0.518163
0.578529
0.501646
0.447772
0.621299
0.494645
0.604530
0.634683
0.581254
0.534777
0.609531
0.511337
0.676553
0.630881
0.515271
0.726793
0.701611
0.578898
0.620257
0.721080
0.564838
0.664466
0.456311
0.553734
0.602421
0.692148
0.451969
0.544110
0.570034
0.695146
0.375995
0.622797
0.778961
0.534910
0.574446
0.600079
0.504133
0.550153
0.612775
0.466325
0.554959
0.435604
0.572191
0.574035
0.553368
0.613963
0.639064
0.558089
0.677751
0.503093
0.684855
0.663505
0.589256
0.720260
0.550508
0.650348
0.570811
0.419133
0.499086
0.643758
0.738150
0.553243
0.636478
0.556000
0.517104
0.822767
0.647943
0.523250
0.615774
0.533660
0.522881
0.501002
0.566693
0.805066
0.528660
0.620082
0.553935
0.471898
0.509964
0.701691
0.623765
0.590248
0.570399
0.719753
0.688363
0.616590
0.588926
0.663165
0.524804
0.660106
0.628817
0.797982
0.553350
0.520590
0.511331
0.697436
0.538250
0.677240
0.637937
0.510468
0.593982
0.569688
0.581853
0.557013
0.735087
0.467010
0.634885
0.578589
0.598114
0.603721
0.531531
0.430464
0.534554
0.643141
0.462436
0.543878
0.685253
0.673534
0.523656
0.561453
0.619963
0.627027
0.498111
0.603058
0.551034
0.741021
0.538092
0.689325
0.597588
0.510431
0.641095
0.622662
0.675470
0.506995
0.591457
0.571015
0.566920
0.644954
0.731330
0.610608
0.595176
0.574510
0.491612
0.525735
0.693812
0.537168
0.667426
0.607953
0.649192
0.582547
0.483026
0.569680
0.471006
0.680639
0.705496
0.450600
0.500800
0.558954
0.511563
0.573411
0.599874
0.581339
0.524518
0.574590
0.594561
0.585817
0.537995
0.635695
0.617955
0.602410
0.541226
0.582476
0.464344
0.505917
0.607807
0.772269
0.598897
0.520722
0.552755
0.509313
0.622915
0.505551
0.463903
0.741806
0.651444
0.612407
0.693129
0.606495
0.669726
0.650681
0.449976
0.544458
0.674233
0.506164
0.380950
0.591032
0.694153
0.524544
0.620618
0.526322
0.605610
0.449673
0.512105
0.466734
0.635895
0.639845
0.520797
0.422212
0.594942
0.564056
0.678668
0.570846
0.384385
0.518719
0.522277
0.681548
0.515962
0.616183
0.634115
0.651035
0.689871
0.634753
0.609647
0.624843
0.476530
0.613444
0.623979
0.609962
0.669674
0.546597
0.568946
0.710873
0.557111
0.569138
0.658099
0.551421
0.747828
0.456793
0.656713
0.562317
0.526625
0.685314
0.635106
0.609755
0.575045
0.470570
0.793595
0.578503
0.580134
0.462201
0.543014
0.524318
0.492841
0.429492
0.628270
0.500897
0.571895
0.638947
0.438507
0.655553
0.548203
0.615967
0.521869
0.436973
0.586508
0.540109
0.600607
0.555208
0.586700
0.548896
0.668071
0.646243
0.525229
0.530951
0.654107
0.539868
0.429840
0.411722
0.585089
0.582917
0.656556
0.567641
0.482114
0.526282
0.620579
0.580761
0.465694
0.384694
0.647653
0.537670
0.497535
0.598488
0.675245
0.617584
0.439445
0.560478
0.597668
0.535546
0.714366
0.481800
0.618603
0.609971
0.528668
0.600475
0.590625
0.460521
0.499152
0.582080
0.562290
0.504449
0.491807
0.555312
0.618189
0.575535
0.596348
0.622189
0.517743
0.675534
0.668866
0.607255
0.671135
0.633549
0.672864
0.546589
0.625900
0.576753
0.659872
0.571615
0.549674
0.606486
0.529369
0.541689
0.493698
0.426822
0.483175
0.635140
0.457627
0.504103
0.628104
0.548242
0.660002
0.669536
0.615751
0.469138
0.638009
0.484806
0.527970
0.685778
0.478392
0.846740
0.574265
0.590111
0.418007
0.631124
0.541796
0.490863
0.533899
0.570743
0.606064
0.436147
0.669730
0.691797
0.691341
0.509010
0.489076
0.520950
0.603815
0.559440
0.637974
0.540185
0.550591
0.754088
0.607177
0.479508
0.683122
0.546378
0.542103
0.489086
0.607674
0.539516
0.626319
0.569849
0.803471
0.454060
0.549681
0.582581
0.601972
0.466746
0.458761
0.532315
0.412727
0.531129
0.489403
0.622164
0.676176
0.381861
0.590313
0.537645
0.643738
0.703090
0.511712
0.544880
0.591837
0.455378
0.569375
0.507925
0.544090
0.527323
0.461640
0.576069
0.559290
0.643891
0.488670
0.419736
0.383761
0.454981
0.594899
0.569562
0.388884
0.468157
0.417062
0.536682
0.394645
0.600316
0.562522
0.556509
0.453899
0.528345
0.370538
0.515844
0.411075
0.497362
0.486191
0.585083
0.574044
0.663395
0.594425
0.477138
0.525497
0.666204
0.411226
0.601294
0.536008
0.495920
0.487374
0.501020
0.463863
0.532807
0.694919
0.423421
0.558228
0.469202
0.531181
0.611705
0.517137
0.465943
0.512964
0.541547
0.583774
0.589642
0.550860
0.514960
0.405450
0.672744
0.548425
0.491921
0.483388
0.680544
0.438136
0.440788
0.460044
0.414615
0.494300
0.596170
0.641885
0.470624
0.582695
0.655097
0.535051
0.550575
0.636891
0.490483
0.640022
0.637369
0.541947
0.772605
0.500078
0.545072
0.509560
0.423074
0.561214
0.510119
0.591552
0.573968
0.447158
0.479067
0.507847
0.454247
0.635928
0.531151
0.665417
0.486901
0.670920
0.650297
0.687517
0.594346
0.550548
0.468615
0.528086
0.656891
0.553166
0.546820
0.723313
0.504343
0.589752
0.428804
0.534180
0.472084
0.621866
0.503476
0.496032
0.459190
0.636469
0.484530
0.539570
0.604548
0.457485
0.429089
0.555498
0.450138
0.667339
0.577869
0.718311
0.449197
0.739148
0.502633
0.594359
0.523342
0.512492
0.423696
0.719397
0.554688
0.553127
0.553634
0.615001
0.533264
0.521286
0.404596
0.524466
0.419512
0.598459
0.537686
0.539049
0.487889
0.607747
0.512101
0.584969
0.493971
0.529571
0.665601
0.552188
0.578326
0.539060
0.567882
0.697185
0.572773
0.575058
0.824630
0.623850
0.505518
0.599537
0.470975
0.595448
0.616831
0.580787
0.657392
0.541428
0.654613
0.605277
0.540213
0.487818
0.699058
0.586286
0.512785
0.595908
0.634799
0.568884
0.590876
0.465001
0.460876
0.439203
0.509259
0.429517
0.545596
0.471611
0.479068
0.528874
0.464176
0.518622
0.531973
0.640681
0.705875
0.483500
0.529390
0.571900
0.653768
0.507665
0.505274
0.667636
0.613517
0.441794
0.543103
0.548313
0.543904
0.475935
0.417225
0.552827
0.554689
0.478472
0.500586
0.507541
0.529180
0.586775
0.519445
0.499868
0.547767
0.604347
0.536281
0.461901
0.540385
0.567115
0.463041
0.529957
0.487303
0.412659
0.558599
0.535877
0.523085
0.553425
0.575397
0.474699
0.536762
0.642624
0.491868
0.489335
0.711164
0.506844
0.582426
0.548418
0.629339
0.608532
0.616846
0.530331
0.376977
0.627628
0.571313
0.505036
0.640168
0.399972
0.564376
0.618047
0.515606
0.568730
0.511592
0.461563
0.618331
0.549130
0.512425
0.509239
0.482847
0.746108
0.577675
0.605778
0.560676
0.479493
0.461548
0.551689
0.592027
0.446303
0.529421
0.543843
0.509487
0.474336
0.382096
0.513102
0.524522
0.418830
0.477741
0.557500
0.453573
0.581163
0.533712
0.560155
0.458084
0.486186
0.624789
0.570808
0.582338
0.534211
0.377915
0.372450
0.507465
0.482173
0.347506
0.557370
0.537037
0.446897
0.626888
0.524133
0.620216
0.405685
0.434668
0.538803
0.474468
0.425826
0.409379
0.420681
0.474195
0.568381
0.604512
0.486582
0.537005
0.383769
0.409157
0.518545
0.398607
0.391129
0.546918
0.625069
0.599247
0.540097
0.519096
0.495925
0.501934
0.474169
0.569112
0.457544
0.482897
0.436624
0.501424
0.541377
0.451716
0.542846
0.415941
0.501616
0.399594
0.618820
0.560824
0.475419
0.374688
0.440953
0.440673
0.666686
0.432941
0.514709
0.469133
0.669154
0.420746
0.568612
0.572922
0.556653
0.574990
0.592934
0.476513
0.574735
0.465288
0.619755
0.504680
0.601815
0.499628
0.645185
0.374499
0.606658
0.544488
0.666253
0.563062
0.439277
0.481726
0.505374
0.548950
0.467609
0.377684
0.496870
0.466834
0.604833
0.612490
0.436020
0.442326
0.531760
0.504334
0.570841
0.426057
0.376856
0.651521
0.425060
0.496251
0.520631
0.505311
0.558078
0.478549
0.485693
0.413466
0.388198
0.615317
0.491462
0.633623
0.487703
0.462390
0.507305
0.544987
0.521903
0.569506
0.515563
0.396749
0.561765
0.595227
0.585264
0.393653
0.568452
0.473718
0.395974
0.458715
0.604110
0.502431
0.486875
0.521779
0.511044
0.472400
0.484018
0.454691
0.652938
0.447080
0.498670
0.565419
0.452714
0.544516
0.481215
0.614818
0.445449
0.862946
0.625036
0.490822
0.539968
0.611878
0.397206
0.472822
0.657043
0.580699
0.456027
0.460317
0.594064
0.502473
0.577076
0.439492
0.607821
0.482063
0.514209
0.467779
0.366186
0.445927
0.577238
0.566908
0.503594
0.510142
0.588096
0.523697
0.597295
0.595315
0.589280
0.614226
0.457061
0.559513
0.533986
0.387027
0.577618
0.568662
0.675342
0.434822
0.467878
0.435111
0.483428
0.660074
0.603449
0.560473
0.560664
0.622335
0.471806
0.671861
0.543884
0.649784
0.464289
0.580009
0.468449
0.394767
0.531467
0.448420
0.399993
0.493621
0.459125
0.425750
0.559650
0.445404
0.513725
0.477424
0.489403
0.659684
0.509341
0.398881
0.613478
0.621516
0.513093
0.559747
0.544593
0.567069
0.487782
0.625876
0.437654
0.521682
0.447654
0.518594
0.683318
0.510253
0.557467
0.614941
0.509876
0.455425
0.544768
0.461492
0.549918
0.575900
0.536688
0.562716
0.376769
0.457870
0.411972
0.525937
0.430092
0.517789
0.353146
0.705731
0.692130
0.653438
0.523373
0.533728
0.535450
0.577931
0.740010
0.350767
0.478935
0.644345
0.623588
0.468038
0.548870
0.617011
0.531806
0.425101
0.638451
0.516612
0.522736
0.555571
0.468667
0.686098
0.508661
0.919473
0.563411
0.436218
0.719931
0.450636
0.502340
0.566649
0.666812
0.476614
0.545852
0.444803
0.490826
0.618631
0.337339
0.496801
0.494453
0.642935
0.388677
0.412720
0.435329
0.610407
0.501262
0.621562
0.575837
0.468209
0.490329
0.644000
0.645630
0.498866
0.543104
0.419973
0.616173
0.650526
0.407803
0.739613
0.592029
0.618715
0.535943
0.753616
0.393572
0.526371
0.535658
0.690155
0.502562
0.599434
0.544131
0.580572
0.631779
0.715636
0.509204
0.579130
0.496772
0.459732
0.519696
0.469962
0.607693
0.520121
0.489674
0.685086
0.447173
0.545532
0.552632
0.535970
0.522142
0.513383
0.640503
0.528175
0.454995
0.551789
0.629358
0.537676
0.668008
0.501624
0.454538
0.471721
0.538471
0.539864
0.504905
0.555095
0.557922
0.494442
0.464024
0.593727
0.464962
0.440701
0.573211
0.453272
0.609991
0.568241
0.677638
0.641253
0.530781
0.462071
0.610174
0.413345
0.452867
0.618810
0.498639
0.431308
0.447297
0.448531
0.436657
0.574356
0.437040
0.537907
0.474720
0.580601
0.447926
0.447253
0.615033
0.461937
0.491090
0.406955
0.400247
0.545617
0.540360
0.472726
0.471337
0.449678
0.421819
0.406437
0.492586
0.453370
0.536045
0.462113
0.668501
0.569594
0.553996
0.408856
0.567823
0.495531
0.542530
0.478356
0.482280
0.487583
0.470568
0.530091
0.485472
0.459212
0.599040
0.464935
0.459532
0.382840
0.531168
0.444551
0.493133
0.442405
0.569945
0.469333
0.558914
0.544863
0.387760
0.607683
0.557262
0.391620
0.561823
0.563411
0.392587
0.546930
0.629449
0.357424
0.539878
0.482713
0.382628
0.436535
0.592239
0.578413
0.461974
0.453536
0.402466
0.497575
0.443893
0.437447
0.601602
0.393132
0.455395
0.671204
0.479295
0.421775
0.422446
0.390357
0.408520
0.446481
0.473047
0.488677
0.417013
0.432760
0.795404
0.521103
0.549129
0.400675
0.623460
0.567836
0.434353
0.438862
0.662510
0.508844
0.402522
0.510374
0.577086
0.512805
0.470216
0.686436
0.470914
0.473063
0.546700
0.608273
0.460974
0.533227
0.488587
0.484202
0.484949
0.393181
0.397817
0.472718
0.438473
0.377734
0.558498
0.400056
0.518584
0.494870
0.412021
0.493877
0.559074
0.405092
0.471942
0.589092
0.396417
0.594850
0.495901
0.419495
0.627618
0.419119
0.454311
0.480483
0.541525
0.544815
0.410006
0.480424
0.370040
0.652265
0.522274
0.712535
0.460102
0.535994
0.615383
0.563460
0.511268
0.329006
0.402647
0.458423
0.445463
0.512178
0.345404
0.537738
0.590979
0.518107
0.472997
0.367523
0.520917
0.551961
0.399884
0.570931
0.438533
0.407858
0.537518
0.332355
0.557682
0.409915
0.341709
0.489248
0.492989
0.542190
0.582946
0.522211
0.497997
0.510489
0.552100
0.567210
0.446343
0.572406
0.515771
0.326147
0.542510
0.605901
0.594342
0.551516
0.499459
0.407674
0.569168
0.391499
0.472832
0.405685
0.424543
0.484618
0.505683
0.585847
0.527639
0.518623
0.471073
0.538142
0.465705
0.438104
0.391115
0.700760
0.530806
0.560610
0.416537
0.545529
0.589850
0.503930
0.412437
0.350122
0.573779
0.443988
0.496290
0.429255
0.609617
0.374961
0.444565
0.489597
0.480600
0.433047
0.424104
0.466523
0.377480
0.484488
0.532483
0.497083
0.555367
0.430275
0.491009
0.644880
0.552067
0.446050
0.468690
0.566167
0.567443
0.474102
0.693362
0.531023
0.555448
0.560264
0.593785
0.406068
0.468726
0.483284
0.545007
0.489206
0.444640
0.383533
0.444374
0.378089
0.492150
0.513236
0.569722
0.641244
0.520137
0.321456
0.326906
0.524304
0.572356
0.441464
0.407486
0.426892
0.553553
0.509238
0.473231
0.460961
0.394284
0.575689
0.477874
0.534912
0.386272
0.576946
0.563355
0.531997
0.607683
0.354384
0.455740
0.437561
0.359741
0.535731
0.590932
0.426026
0.472369
0.554009
0.482074
0.432639
0.448755
0.539629
0.490266
0.563003
0.673071
0.432600
0.561506
0.413020
0.370265
0.429336
0.484551
0.465299
0.537258
0.477624
0.537109
0.480500
0.480935
0.459707
0.401321
0.554992
0.363102
0.459706
0.412751
0.496507
0.474658
0.417902
0.552945
0.516402
0.425193
0.473668
0.612891
0.663530
0.507738
0.514218
0.336773
0.365273
0.461042
0.453818
0.535930
0.415598
0.394672
0.538889
0.511299
0.372830
0.497753
0.357337
0.552361
0.569824
0.563078
0.591088
0.453485
0.539769
0.518210
0.477287
0.520043
0.435722
0.362888
0.414729
0.605686
0.477983
0.665084
0.365066
0.389939
0.522055
0.527170
0.541761
0.514063
0.455028
0.650264
0.445379
0.380125
0.506501
0.421668
0.418677
0.364529
0.386520
0.403908
0.511252
0.381742
0.488975
0.423066
0.421563
0.465745
0.354020
0.457574
0.435325
0.430679
0.510802
0.391693
0.517469
0.333893
0.475738
0.480043
0.500131
0.552610
0.465255
0.557104
0.473837
0.502549
0.512794
0.660160
0.456090
0.445076
0.525728
0.409379
0.538196
0.456136
0.380588
0.451417
0.604360
0.698447
0.666824
0.589437
0.612544
0.442258
0.604791
0.417452
0.457908
0.401268
0.546285
0.550662
0.378348
0.420881
0.360422
0.581126
0.530869
0.537599
0.634754
0.405495
0.348457
0.632910
0.682114
0.374364
0.335236
0.368419
0.394462
0.529884
0.513334
0.563827
0.474361
0.618501
0.468783
0.406033
0.550451
0.407060
0.528069
0.322390
0.424799
0.573232
0.407194
0.419012
0.413540
0.471792
0.334461
0.531458
0.334381
0.511600
0.389276
0.423750
0.469781
0.303905
0.450432
0.344033
0.476331
0.441431
0.375632
0.577473
0.492451
0.473193
0.527126
0.450262
0.507667
0.490288
0.417977
0.493776
0.349721
0.438900
0.391179
0.433588
0.507806
0.399274
0.473254
0.327409
0.420003
0.366197
0.318369
0.524868
0.492290
0.448274
0.496011
0.503712
0.309044
0.499258
0.384332
0.507733
0.510719
0.603540
0.469247
0.502882
0.613636
0.516832
0.512770
0.439869
0.378539
0.398512
0.729624
0.377460
0.431924
0.584782
0.434517
0.529001
0.435995
0.518220
0.421665
0.507453
0.458286
0.470495
0.440956
0.498173
0.491841
0.472034
0.366948
0.491598
0.566350
0.557535
0.517673
0.429378
0.410255
0.436893
0.444041
0.490947
0.556829
0.519565
0.371262
0.571093
0.379891
0.433254
0.421666
0.408142
0.465472
0.567539
0.506582
0.553285
0.369239
0.311237
0.372684
0.421496
0.410614
0.418778
0.423407
0.351207
0.523112
0.357483
0.459581
0.477466
0.368216
0.355458
0.537242
0.334122
0.272884
0.481446
0.455369
0.398934
0.556793
0.371350
0.427374
0.444681
0.448168
0.454069
0.711695
0.511372
0.445513
0.513873
0.512192
0.511458
0.540130
0.411715
0.441995
0.434134
0.398460
0.426199
0.538688
0.564319
0.517210
0.407373
0.515381
0.584202
0.449543
0.432817
0.537115
0.453866
0.334880
0.549111
0.311325
0.494922
0.545771
0.503482
0.660765
0.424285
0.477106
0.410616
0.350718
0.592847
0.396225
0.379730
0.413266
0.541719
0.448104
0.394388
0.507411
0.371780
0.417203
0.428793
0.274912
0.744988
0.425548
0.400212
0.559780
0.498876
0.447073
0.417165
0.416241
0.565372
0.314650
0.725626
0.582673
0.470022
0.523922
0.436034
0.573827
0.731137
0.452161
0.276732
0.402573
0.420467
0.408189
0.363107
0.485712
0.547376
0.429231
0.544879
0.430122
0.565186
0.607254
0.453384
0.558439
0.479869
0.391193
0.485473
0.499290
0.621996
0.554030
0.384795
0.507997
0.365355
0.349047
0.498557
0.546564
0.587281
0.512843
0.388710
0.428556
0.255641
0.427938
0.562175
0.452314
0.447653
0.579518
0.388339
0.514174
0.489766
0.389261
0.429486
0.350714
0.462226
0.393535
0.364024
0.493586
0.445136
0.556044
0.408718
0.544060
0.352898
0.441683
0.599296
0.371083
0.503721
0.459024
0.444053
0.404531
0.456719
0.377234
0.551187
0.503035
0.392553
0.357061
0.620186
0.391936
0.513119
0.410995
0.358293
0.453471
0.413658
0.500916
0.508415
0.569810
0.424913
0.472659
0.493341
0.431307
0.405912
0.600263
0.362571
0.563649
0.576097
0.446294
0.576428
0.483800
0.461365
0.387394
0.470775
0.522382
0.480291
0.425766
0.320916
0.481853
0.360989
0.516728
0.596171
0.379297
0.428088
0.370675
0.449789
0.526515
0.451161
0.503401
0.507019
0.477136
0.422194
0.435465
0.341187
0.491072
0.442788
0.463457
0.427338
0.436627
0.362265
0.462581
0.452697
0.409465
0.426125
0.460805
0.486725
0.563301
0.303858
0.446734
0.441765
0.403214
0.469795
0.398461
0.485418
0.301594
0.398900
0.489083
0.437521
0.355275
0.439194
0.427087
0.389607
0.433709
0.472714
0.373201
0.442564
0.464549
0.522431
0.592198
0.417994
0.417185
0.249807
0.301068
0.470821
0.373624
0.451741
0.465058
0.386434
0.313225
0.431899
0.453580
0.429319
0.508234
0.455808
0.343554
0.458811
0.623074
0.417576
0.415045
0.363121
0.481574
0.435327
0.331755
0.396549
0.397084
0.384709
0.446262
0.344765
0.419917
0.324999
0.504551
0.342988
0.413757
0.448217
0.465152
0.270281
0.442929
0.393212
0.483763
0.510351
0.411205
0.447238
0.493408
0.485651
0.408963
0.310131
0.480573
0.390335
0.454011
0.398121
0.393612
0.372468
0.462200
0.332398
0.541692
0.392567
0.385977
0.431715
0.651294
0.494911
0.424933
0.472559
0.488597
0.300989
0.529967
0.400852
0.446432
0.402037
0.397766
0.518854
0.462333
0.305270
0.461859
0.281121
0.532766
0.503696
0.434247
0.472790
0.502463
0.410149
0.586514
0.375241
0.504890
0.458783
0.415561
0.487870
0.507314
0.552127
0.443566
0.531618
0.448001
0.460069
0.368893
0.617680
0.438166
0.403871
0.510232
0.403202
0.369964
0.438803
0.532942
0.579282
0.628406
0.457527
0.552712
0.347329
0.464678
0.426083
0.598795
0.343763
0.461663
0.487381
0.575646
0.541135
0.392611
0.519136
0.492762
0.514527
0.610744
0.474013
0.455911
0.388129
0.412878
0.379373
0.373814
0.418680
0.396354
0.506742
0.401133
0.417729
0.482056
0.464855
0.603734
0.506070
0.351920
0.413032
0.491516
0.413822
0.433751
0.386275
0.471695
0.395776
0.457566
0.477853
0.413405
0.439450
0.343862
0.522827
0.452881
0.242690
0.429807
0.474877
0.336878
0.478515
0.402719
0.316544
0.457386
0.525601
0.489018
0.302475
0.434537
0.453655
0.523717
0.436988
0.366305
0.519192
0.431291
0.395457
0.526707
0.310091
0.464197
0.519241
0.491939
0.391289
0.416306
0.466868
0.521417
0.441709
0.356887
0.579450
0.433553
0.386520
0.542808
0.548733
0.446606
0.748353
0.381288
0.446201
0.389149
0.469166
0.414132
0.456586
0.557369
0.478723
0.383557
0.468807
0.400716
0.501509
0.405490
0.372777
0.416032
0.452204
0.458219
0.496945
0.410807
0.377348
0.318375
0.349041
0.420360
0.519376
0.456423
0.424327
0.592191
0.269719
0.474729
0.542091
0.422699
0.629036
0.463764
0.415488
0.523404
0.493997
0.338424
0.552506
0.448974
0.547014
0.395936
0.407182
0.333522
0.402915
0.396564
0.447753
0.393328
0.472950
0.388865
0.374781
0.543171
0.382273
0.411959
0.577800
0.488441
0.412447
0.342926
0.403905
0.454064
0.454315
0.342152
0.645000
0.510988
0.412049
0.525046
0.468273
0.408202
0.384305
0.490049
0.425160
0.427462
0.383922
0.375230
0.503521
0.458254
0.499063
0.365008
0.549235
0.456319
0.491976
0.447536
0.406709
0.439971
0.410875
0.404086
0.439119
0.398223
0.451045
0.427138
0.484438
0.489806
0.453963
0.356364
0.573092
0.398467
0.527826
0.386220
0.375452
0.450146
0.467668
0.489796
0.370193
0.488272
0.475021
0.443406
0.397418
0.533202
0.457521
0.394178
0.539011
0.404051
0.317514
0.556174
0.464006
0.391451
0.358796
0.274647
0.462007
0.411792
0.475455
0.536584
0.469607
0.517041
0.352370
0.402944
0.406669
0.424989
0.593921
0.420422
0.440238
0.527248
0.378238
0.315688
0.552077
0.352721
0.528134
0.539648
0.442731
0.465503
0.482540
0.519730
0.362671
0.483829
0.506589
0.502440
0.424959
0.223033
0.648510
0.485665
0.352228
0.370090
0.353650
0.411570
0.502135
0.566586
0.466726
0.309128
0.491851
0.350481
0.448605
0.447203
0.542216
0.316257
0.445147
0.401017
0.557378
0.451054
0.447652
0.479255
0.323351
0.516462
0.394723
0.477013
0.496089
0.531802
0.316283
0.276921
0.356931
0.326986
0.488015
0.544823
0.385461
0.614469
0.474997
0.490597
0.367626
0.443519
0.560156
0.442619
0.381688
0.415822
0.451788
0.363621
0.463241
0.493577
0.356674
0.371284
0.452964
0.317566
0.328636
0.462205
0.333426
0.549277
0.529159
0.358702
0.469640
0.457497
0.452341
0.305652
0.380536
0.448946
0.550538
0.545465
0.315473
0.378457
0.366639
0.494245
0.419146
0.368294
0.294156
0.379268
0.516054
0.433954
0.364372
0.693302
0.379501
0.582249
0.719770
0.367108
0.396334
0.340481
0.368263
0.263968
0.442422
0.409154
0.436623
0.476435
0.391071
0.323711
0.466576
0.453811
0.479887
0.255941
0.438255
0.407916
0.411384
0.417633
0.402159
0.469161
0.477500
0.301709
0.263790
0.281594
0.401050
0.344754
0.404703
0.445881
0.370799
0.463709
0.315442
0.397171
0.335431
0.308378
0.376687
0.273119
0.287364
0.405112
0.257866
0.472763
0.558976
0.376809
0.322077
0.399595
0.395515
0.517271
0.490150
0.321081
0.366130
0.460328
0.513904
0.489979
0.526901
0.358626
0.386253
0.388905
0.500273
0.501912
0.548746
0.482665
0.501029
0.298214
0.494616
0.408426
0.434491
0.473324
0.511149
0.441789
0.373847
0.481802
0.503734
0.460095
0.594896
0.400603
0.475451
0.314892
0.274784
0.495111
0.442995
0.386979
0.341718
0.511000
0.520622
0.417431
0.616390
0.453065
0.483455
0.340197
0.397540
0.493147
0.315469
0.347391
0.452734
0.432246
0.362150
0.416057
0.322189
0.334015
0.451550
0.457676
0.423831
0.418704
0.410381
0.408144
0.407619
0.444160
0.364217
0.437932
0.459894
0.522377
0.422857
0.253294
0.271382
0.336745
0.405577
0.362053
0.439272
0.397120
0.508034
0.301546
0.378339
0.498215
0.356232
0.292705
0.317732
0.514815
0.434084
0.608534
0.337794
0.414948
0.324690
0.414589
0.423919
0.351450
0.462664
0.483993
0.529363
0.602237
0.435451
0.271582
0.493186
0.376907
0.469392
0.417731
0.336294
0.436400
0.299494
0.388935
0.410281
0.270005
0.487727
0.498414
0.376989
0.572841
0.460013
0.453294
0.454113
0.370665
0.385801
0.464031
0.413274
0.449490
0.338805
0.298362
0.410912
0.366413
0.511625
0.355663
0.297318
0.438850
0.457687
0.516762
0.487859
0.505641
0.576094
0.348220
0.368100
0.335832
0.330993
0.402510
0.364796
0.370847
0.450483
0.463474
0.411142
0.528482
0.510513
0.348567
0.358708
0.326262
0.303021
0.316002
0.502860
0.501299
0.383825
0.365827
0.323466
0.549488
0.425979
0.479439
0.309700
0.424072
0.437932
0.375677
0.327029
0.387612
0.404399
0.395584
0.417682
0.423463
0.375843
0.342565
0.464967
0.306925
0.421743
0.330796
0.373720
0.483484
0.379980
0.401888
0.420461
0.297200
0.409720
0.320415
0.387047
0.491535
0.416453
0.442583
0.356924
0.433263
0.380487
0.371354
0.358054
0.375884
0.400659
0.487781
0.440231
0.482843
0.422220
0.369231
0.373886
0.434016
0.450783
0.335226
0.397286
0.652693
0.626127
0.504151
0.359151
0.574511
0.392605
0.422700
0.606213
0.513369
0.365771
0.387061
0.484537
0.454340
0.456946
0.372157
0.478799
0.490135
0.438633
0.373003
0.649873
0.571151
0.380450
0.540182
0.543161
0.450669
0.583902
0.589392
0.541491
0.340245
0.537471
0.425419
0.633196
0.470871
0.434230
0.348824
0.501956
0.369868
0.440435
0.458763
0.526358
0.427991
0.417690
0.308333
0.491809
0.411449
0.430191
0.427887
0.516398
0.493395
0.528411
0.510618
0.275804
0.327224
0.454357
0.537114
0.240601
0.467854
0.415461
0.393356
0.387537
0.431780
0.511803
0.435075
0.323262
0.377530
0.376381
0.531150
0.453365
0.348301
0.329810
0.485075
0.416918
0.500195
0.411420
0.477419
0.356850
0.503070
0.315378
0.441338
0.430384
0.364309
0.354739
0.470890
0.331096
0.443155
0.393019
0.318351
0.355254
0.434142
0.329699
0.324106
0.329894
0.464015
0.459775
0.336864
0.662132
0.410510
0.576658
0.467745
0.388329
0.406174
0.405839
0.472423
0.301898
0.545440
0.404316
0.364380
0.454328
0.443008
0.344122
0.536421
0.431224
0.375178
0.353034
0.348229
0.399747
0.486500
0.504990
0.493562
0.363256
0.434833
0.535022
0.379515
0.425844
0.352183
0.524212
0.381354
0.422686
0.355663
0.587806
0.347208
0.434747
0.517292
0.472088
0.303095
0.440182
0.417354
0.394136
0.466001
0.564709
0.428746
0.476772
0.403759
0.441670
0.489154
0.245274
0.337900
0.337196
0.400400
0.469384
0.379882
0.416138
0.380532
0.352402
0.390169
0.453609
0.306593
0.362388
0.492822
0.419249
0.313789
0.412618
0.391832
0.370241
0.443608
0.549024
0.642836
0.346724
0.634949
0.365379
0.421706
0.442894
0.401898
0.299091
0.307644
0.302090
0.413597
0.360208
0.343966
0.408657
0.344361
0.343686
0.332192
0.323089
0.468669
0.232799
0.309249
0.348734
0.333264
0.378169
0.464961
0.269363
0.249748
0.577121
0.428800
0.495817
0.380832
0.394319
0.256146
0.362581
0.441910
0.334007
0.364140
0.389158
0.283771
0.496269
0.323212
0.368640
0.307830
0.476556
0.344683
0.422450
0.369800
0.306274
0.453822
0.399896
0.461915
0.339813
0.431303
0.317767
0.368349
0.513258
0.416760
0.467851
0.410399
0.427655
0.512163
0.484806
0.451611
0.355401
0.462222
0.370062
0.370384
0.377397
0.350154
0.398759
0.423115
0.389301
0.469457
0.288062
0.477515
0.392603
0.415024
0.494037
0.416094
0.386826
0.440933
0.378252
0.426978
0.364214
0.378706
0.360118
0.346815
0.453893
0.336942
0.529285
0.396020
0.360519
0.453999
0.349163
0.397846
0.580370
0.371177
0.449815
0.332291
0.354819
0.317777
0.431912
0.375686
0.442269
0.427066
0.410686
0.637683
0.384752
0.354192
0.305057
0.294811
0.392947
0.281977
0.365392
0.521187
0.440534
0.418905
0.525402
0.403985
0.317604
0.373242
0.285055
0.330515
0.299165
0.483817
0.509048
0.435373
0.360202
0.404964
0.391223
0.531727
0.475354
0.351831
0.355490
0.486226
0.605915
0.407690
0.378888
0.350482
0.348912
0.311020
0.508256
0.346660
0.398604
0.452012
0.409210
0.374969
0.539025
0.527785
0.487882
0.389599
0.465942
0.360494
0.395287
0.298430
0.444613
0.430682
0.315737
0.404125
0.395444
0.336817
0.411914
0.491101
0.392751
0.399237
0.410191
0.418168
0.454405
0.391665
0.435002
0.447817
0.352657
0.376824
0.272103
0.354357
0.394650
0.564996
0.551793
0.377581
0.427070
0.462059
0.336224
0.383511
0.453782
0.442722
0.387929
0.425129
0.418715
0.440311
0.529701
0.497300
0.288409
0.465353
0.455950
0.301730
0.512693
0.442550
0.318837
0.440632
0.438455
0.328079
0.397589
0.431832
0.379587
0.398523
0.343641
0.375098
0.340249
0.292284
0.576888
0.510559
0.425669
0.416739
0.423146
0.491770
0.396603
0.465521
0.403501
0.342422
0.351035
0.461131
0.356303
0.605401
0.257142
0.302763
0.313682
0.288596
0.395487
0.397850
0.474052
0.367565
0.303459
0.457130
0.355877
0.407835
0.526595
0.305979
0.319371
0.425659
0.365217
0.281278
0.342508
0.323493
0.527390
0.448889
0.335856
0.368768
0.341637
0.376289
0.329626
0.394850
0.450986
0.417742
0.376306
0.487162
0.504949
0.585041
0.288703
0.364598
0.443574
0.466898
0.495492
0.286854
0.329305
0.489521
0.252382
0.355038
0.461065
0.300653
0.396823
0.417772
0.298629
0.242483
0.519846
0.343791
0.367097
0.354504
0.374460
0.449958
0.377532
0.417459
0.371835
0.435104
0.330993
0.310955
0.307158
0.306464
0.490078
0.296060
0.427375
0.491715
0.414298
0.474852
0.438489
0.346763
0.469571
0.507894
0.265995
0.435781
0.245827
0.300644
0.336726
0.454962
0.574406
0.320550
0.466841
0.347289
0.393548
0.309241
0.489107
0.412145
0.460541
0.321771
0.287412
0.541855
0.388112
0.422008
0.377314
0.365999
0.334054
0.505352
0.493852
0.317620
0.279608
0.539069
0.283802
0.504285
0.289202
0.412357
0.536796
0.304366
0.441018
0.403047
0.410246
0.318574
0.460131
0.422202
0.484536
0.386909
0.405995
0.480056
0.363826
0.462680
0.432349
0.392657
0.410781
0.357226
0.353464
0.476193
0.316915
0.389325
0.433693
0.547693
0.305993
0.451748
0.504429
0.530174
0.350621
0.373098
0.364182
0.410404
0.310920
0.381497
0.349951
0.470155
0.361246
0.263858
0.550897
0.344867
0.381164
0.414560
0.288591
0.458395
0.439335
0.449497
0.327481
0.316666
0.339371
0.378136
0.252437
0.411091
0.495277
0.258034
0.372389
0.383714
0.488949
0.438444
0.407741
0.440658
0.346438
0.377042
0.351051
0.369069
0.297413
0.295677
0.249973
0.287561
0.329519
0.382575
0.347200
0.473302
0.419428
0.549710
0.291153
0.413778
0.270810
0.344436
0.296678
0.415525
0.345110
0.502891
0.434825
0.442958
0.474979
0.406263
0.275097
0.298137
0.398916
0.378011
0.444533
0.399606
0.358200
0.321243
0.412738
0.470715
0.502303
0.381444
0.329771
0.603354
0.362979
0.322944
0.415488
0.267209
0.447814
0.498260
0.309337
0.377816
0.505043
0.420747
0.279213
0.289193
0.362322
0.385482
0.481383
0.366992
0.366029
0.306564
0.233536
0.343160
0.434926
0.393819
0.446616
0.363518
0.368459
0.449499
0.539165
0.456275
0.457287
0.378128
0.444555
0.410952
0.371412
0.379909
0.308975
0.373474
0.320436
0.364214
0.410035
0.453722
0.418006
0.400288
0.349361
0.395424
0.305598
0.288409
0.417019
0.226023
0.275058
0.377261
0.356066
0.430356
0.406633
0.517647
0.329003
0.387329
0.342207
0.309037
0.367543
0.253305
0.234521
0.393462
0.447953
0.312154
0.447177
0.260828
0.512983
0.361415
0.467703
0.341320
0.313635
0.540127
0.253702
0.358880
0.477246
0.406251
0.309675
0.299398
0.175203
0.301333
0.348853
0.329981
0.514746
0.232903
0.323756
0.312876
0.359257
0.270931
0.397113
0.281965
0.490824
0.308715
0.343780
0.320360
0.520160
0.354453
0.390629
0.382839
0.326764
0.485084
0.397967
0.500009
0.318487
0.334803
0.331570
0.354851
0.262437
0.237321
0.312518
0.341871
0.573020
0.361764
0.351905
0.278883
0.408511
0.427025
0.256333
0.392857
0.366605
0.389113
0.277758
0.307173
0.343524
0.378129
0.523390
0.320452
0.292509
0.318820
0.346190
0.359237
0.324138
0.391092
0.477205
0.431354
0.426280
0.336487
0.331178
0.342964
0.406334
0.432133
0.315272
0.520857
0.396774
0.393081
0.470242
0.403911
0.386675
0.426979
0.424475
0.430271
0.285800
0.449623
0.347970
0.418787
0.474764
0.402254
0.320304
0.318566
0.458055
0.483997
0.364528
0.318906
0.280023
0.445519
0.289240
0.450616
0.312116
0.239006
0.419776
0.374372
0.436155
0.423933
0.319594
0.367086
0.303837
0.305680
0.292994
0.367232
0.234798
0.418810
0.395289
0.339107
0.313423
0.353780
0.314484
0.464444
0.380226
0.349702
0.330301
0.423841
0.371909
0.244994
0.426466
0.396418
0.373506
0.452829
0.312968
0.506815
0.362439
0.307592
0.371912
0.433858
0.332972
0.409880
0.433697
0.257988
0.231327
0.336543
0.420146
0.396462
0.381252
0.383195
0.470000
0.293889
0.314428
0.335800
0.506555
0.453841
0.441668
0.309559
0.362402
0.467751
0.497407
0.378461
0.400384
0.279323
0.385551
0.392496
0.307567
0.368445
0.421672
0.351332
0.312907
0.278602
0.387370
0.578369
0.379452
0.530667
0.358584
0.473340
0.499916
0.419339
0.349327
0.320355
0.415371
0.545269
0.395305
0.510210
0.403554
0.237817
0.471292
0.407168
0.307630
0.276946
0.410850
0.324733
0.482654
0.292302
0.338208
0.473024
0.397278
0.418756
0.412760
0.449968
0.234750
0.496089
0.552302
0.464572
0.424594
0.421639
0.346951
0.401066
0.395418
0.279605
0.355508
0.243051
0.273452
0.423172
0.406773
0.438708
0.348069
0.496174
0.351775
0.434558
0.344419
0.348769
0.369278
0.493607
0.311776
0.342693
0.387836
0.444776
0.411772
0.384498
0.332712
0.279184
0.289627
0.483136
0.335142
0.539733
0.457295
0.375160
0.388233
0.351210
0.565612
0.318337
0.432677
0.324412
0.399367
0.399488
0.434967
0.304078
0.349933
0.490423
0.531955
0.482590
0.367691
0.365948
0.430780
0.427153
0.339596
0.346574
0.423596
0.423128
0.365257
0.285481
0.255035
0.385569
0.336201
0.428816
0.638469
0.426590
0.393092
0.360417
0.383410
0.324798
0.258734
0.272723
0.270051
0.493844
0.368248
0.421608
0.326296
0.401539
0.294102
0.230937
0.394996
0.378278
0.364436
0.369510
0.302787
0.384633
0.363130
0.310715
0.367529
0.390004
0.369948
0.392986
0.381175
0.470314
0.266171
0.232503
0.330555
0.452011
0.351769
0.314338
0.273914
0.298143
0.473716
0.304093
0.369354
0.352223
0.274541
0.438362
0.430020
0.373704
0.297574
0.341273
0.387137
0.284789
0.369325
0.295416
0.294447
0.256062
0.344432
0.309011
0.359376
0.378633
0.376951
0.296359
0.373485
0.358425
0.326527
0.454438
0.344451
0.429454
0.350927
0.370732
0.311146
0.449473
0.405618
0.402038
0.460815
0.546180
0.283163
0.380555
0.401813
0.401343
0.330340
0.381467
0.466641
0.377539
0.392234
0.385674
0.292435
0.323845
0.392722
0.305324
0.301169
0.265796
0.398721
0.241859
0.335778
0.365053
0.378021
0.300157
0.445250
0.433930
0.423275
0.314658
0.390805
0.378016
0.260389
0.305727
0.446054
0.309818
0.207692
0.479110
0.433821
0.249656
0.305822
0.386809
0.318133
0.365917
0.313784
0.290719
0.304947
0.276832
0.378674
0.343423
0.450235
0.370555
0.391139
0.375521
0.319635
0.297977
0.324853
0.288630
0.227809
0.454192
0.465234
0.428141
0.389284
0.332323
0.331068
0.269471
0.334574
0.333067
0.438078
0.357817
0.321977
0.324977
0.283970
0.315464
0.410285
0.416183
0.424220
0.341990
0.450846
0.348294
0.428872
0.607211
0.371571
0.382036
0.407422
0.393837
0.321642
0.293707
0.349742
0.348828
0.486805
0.514119
0.362970
0.493531
0.296514
0.443040
0.397281
0.219413
0.569368
0.331936
0.374848
0.407081
0.403548
0.361236
0.364309
0.381669
0.310566
0.257969
0.365020
0.511271
0.309485
0.386459
0.377173
0.357534
0.437872
0.303959
0.446829
0.235907
0.319946
0.354248
0.220069
0.326176
0.365933
0.413834
0.312726
0.341315
0.320189
0.369824
0.311599
0.252490
0.411440
0.284285
0.485600
0.379216
0.343997
0.358758
0.359367
0.287445
0.301866
0.483183
0.358826
0.300417
0.268746
0.344520
0.467938
0.293555
0.435745
0.416427
0.392008
0.304401
0.361640
0.504608
0.351322
0.275491
0.257542
0.343367
0.437897
0.305309
0.336649
0.375593
0.334772
0.379791
0.308049
0.294966
0.408235
0.277053
0.420561
0.554468
0.294062
0.478383
0.458987
0.321000
0.330195
0.282089
0.271612
0.430911
0.353980
0.357997
0.463207
0.356186
0.600198
0.417935
0.212413
0.437000
0.459205
0.362547
0.460381
0.280587
0.370334
0.385139
0.454323
0.525224
0.261846
0.295155
0.342935
0.247030
0.380480
0.322881
0.454315
0.456558
0.396222
0.281237
0.422928
0.449508
0.315729
0.304323
0.414831
0.344711
0.400172
0.398235
0.197291
0.393046
0.293931
0.379475
0.312511
0.342878
0.395825
0.458429
0.590793
0.328072
0.379691
0.314276
0.335134
0.350567
0.391289
0.328831
0.386419
0.285063
0.382797
0.246418
0.460591
0.304375
0.308882
0.344503
0.401342
0.455809
0.237210
0.308645
0.419706
0.357468
0.417126
0.365220
0.356984
0.353661
0.436213
0.538613
0.309112
0.459371
0.315438
0.500914
0.348217
0.386108
0.323148
0.401288
0.328710
0.295819
0.351633
0.571901
0.441698
0.308634
0.323149
0.298836
0.385244
0.326164
0.538291
0.375195
0.400796
0.355918
0.340033
0.409124
0.395016
0.471506
0.279259
0.336889
0.413231
0.283996
0.282662
0.285643
0.492073
0.325347
0.324050
0.346601
0.409066
0.214119
0.383292
0.374581
0.316683
0.327308
0.389423
0.309806
0.360264
0.317605
0.392097
0.282392
0.349127
0.434690
0.435569
0.399977
0.439836
0.368957
0.408130
0.344282
0.423946
0.477742
0.315633
0.304276
0.355312
0.312217
0.310238
0.300814
0.450866
0.369262
0.311084
0.296539
0.321323
0.302823
0.315106
0.536010
0.343290
0.309588
0.254218
0.378408
0.500059
0.366536
0.293451
0.416130
0.352879
0.276146
0.385968
0.380963
0.278204
0.444136
0.315891
0.304606
0.334677
0.415401
0.323177
0.335295
0.384704
0.322575
0.533832
0.398796
0.375292
0.281178
0.306302
0.275597
0.260804
0.301489
0.438214
0.338235
0.518637
0.227236
0.361703
0.340128
0.230942
0.456643
0.364417
0.309228
0.321801
0.344223
0.379424
0.222876
0.329663
0.451669
0.325524
0.351743
0.367854
0.298279
0.300560
0.300674
0.244503
0.303848
0.314567
0.267462
0.257861
0.343253
0.439025
0.375946
0.444495
0.387368
0.237746
0.295162
0.379210
0.315759
0.255869
0.301069
0.319952
0.177881
0.429082
0.276506
0.488228
0.324183
0.223020
0.348730
0.335396
0.269199
0.270200
0.274569
0.335689
0.234503
0.208275
0.473559
0.232704
0.358150
0.446334
0.303425
0.335025
0.301106
0.268761
0.319036
0.326268
0.294113
0.494695
0.339980
0.326253
0.335900
0.329225
0.348919
0.441730
0.332690
0.354267
0.404960
0.231193
0.311325
0.232040
0.339587
0.348500
0.400520
0.309166
0.328467
0.342394
0.446649
0.436898
0.392232
0.406296
0.292440
0.358500
0.255602
0.365106
0.372580
0.281900
0.378521
0.397522
0.436608
0.362776
0.423721
0.287409
0.392122
0.354795
0.287742
0.468534
0.337376
0.227184
0.363632
0.438911
0.387346
0.423523
0.474383
0.386124
0.274482
0.419233
0.341829
0.316580
0.421506
0.312709
0.349961
0.317624
0.345590
0.402045
0.256021
0.279806
0.344715
0.237295
0.353255
0.368254
0.275909
0.327761
0.178295
0.307583
0.342514
0.348699
0.348464
0.152378
0.345491
0.220137
0.290519
0.341239
0.317979
0.447821
0.427016
0.379889
0.343405
0.179740
0.330873
0.419696
0.314319
0.357161
0.257422
0.424035
0.279576
0.296646
0.484903
0.371577
0.500525
0.309814
0.373016
0.468648
0.461254
0.225144
0.415380
0.303696
0.380609
0.381085
0.281354
0.308356
0.274799
0.406924
0.315488
0.300799
0.283460
0.245657
0.366724
0.264290
0.294176
0.335643
0.391143
0.394901
0.553519
0.401727
0.270980
0.510155
0.345489
0.384587
0.343465
0.398889
0.394511
0.344950
0.452474
0.421056
0.370113
0.257491
0.279306
0.242075
0.429507
0.315023
0.349881
0.432418
0.324976
0.560814
0.416687
0.367495
0.308087
0.307525
0.382447
0.203123
0.341112
0.366353
0.461578
0.349582
0.317230
0.289837
0.355588
0.352726
0.370610
0.321148
0.464873
0.397061
0.345683
0.283744
0.346026
0.240606
0.463185
0.275113
0.270850
0.289416
0.381071
0.457506
0.480626
0.385176
0.363405
0.376965
0.287634
0.359162
0.249883
0.246934
0.519295
0.329130
0.371118
0.418316
0.290872
0.306621
0.388961
0.430677
0.425928
0.444541
0.345272
0.457110
0.347309
0.348916
0.346518
0.395342
0.259775
0.310535
0.366503
0.384123
0.369132
0.264289
0.320981
0.408724
0.189993
0.319373
0.346057
0.463573
0.304090
0.416350
0.346757
0.305541
0.376507
0.297077
0.255832
0.249068
0.355250
0.312495
0.415684
0.285640
0.331505
0.372137
0.474096
0.343587
0.371187
0.342637
0.410297
0.440877
0.328095
0.272091
0.336200
0.346578
0.480349
0.265500
0.249265
0.323828
0.367017
0.385430
0.304927
0.420443
0.358163
0.314565
0.307497
0.462960
0.260500
0.340272
0.388936
0.287838
0.292051
0.337919
0.346852
0.410678
0.319445
0.250102
0.298589
0.361608
0.265595
0.344860
0.370081
0.397642
0.436115
0.277303
0.356308
0.343452
0.511793
0.267548
0.291306
0.246742
0.396169
0.410391
0.304351
0.256774
0.343524
0.307478
0.290354
0.358662
0.240062
0.238223
0.348740
0.328770
0.602448
0.406825
0.349717
0.382161
0.307291
0.256106
0.392486
0.288571
0.569511
0.222919
0.456253
0.405505
0.424186
0.241024
0.379623
0.421625
0.399936
0.349731
0.453486
0.463008
0.512917
0.314333
0.397098
0.329853
0.392665
0.262055
0.412432
0.231382
0.343210
0.378054
0.303220
0.328021
0.271701
0.279967
0.498574
0.352888
0.246946
0.260298
0.311778
0.283722
0.199068
0.289332
0.314477
0.524834
0.257491
0.278270
0.355231
0.264849
0.347154
0.250436
0.279614
0.406368
0.369946
0.376774
0.382227
0.348030
0.347003
0.353513
0.315108
0.204943
0.291398
0.233802
0.234508
0.254552
0.286411
0.322669
0.172080
0.410537
0.476284
0.361304
0.423714
0.318423
0.362006
0.367424
0.361754
0.293580
0.269796
0.230194
0.411185
0.294480
0.258954
0.346593
0.393333
0.285756
0.308750
0.345456
0.266327
0.307820
0.272613
0.228831
0.314064
0.370586
0.273939
0.343572
0.299890
0.350490
0.346969
0.312632
0.300679
0.296530
0.303586
0.294003
0.229677
0.328066
0.416696
0.272473
0.226959
0.296506
0.258580
0.403247
0.246745
0.285783
0.320735
0.472586
0.440836
0.324557
0.373282
0.312301
0.311141
0.426336
0.312560
0.401703
0.432687
0.421377
0.322260
0.284240
0.388043
0.260715
0.223008
0.417052
0.236271
0.267762
0.259153
0.378458
0.354012
0.255646
0.276954
0.377500
0.350177
0.319885
0.403979
0.320305
0.349666
0.289706
0.354272
0.159374
0.378687
0.420294
0.303184
0.191969
0.242128
0.446370
0.231471
0.390168
0.175302
0.320360
0.401349
0.455199
0.338323
0.316326
0.268350
0.319977
0.282218
0.293194
0.224463
0.179210
0.408651
0.255195
0.321640
0.400822
0.490967
0.433220
0.255537
0.424420
0.335629
0.415683
0.336045
0.327763
0.322498
0.404436
0.354219
0.326117
0.286186
0.233865
0.299221
0.254454
0.206026
0.312775
0.336575
0.330534
0.286434
0.358657
0.311812
0.289910
0.301146
0.251912
0.206028
0.329506
0.221690
0.355602
0.288098
0.467779
0.348572
0.325420
0.307807
0.499862
0.361626
0.353998
0.267194
0.323251
0.379659
0.317311
0.330190
0.402075
0.349741
0.300492
0.350127
0.294828
0.332593
0.293649
0.349050
0.408421
0.361669
0.362075
0.380128
0.234857
0.294892
0.335756
0.364053
0.389962
0.306078
0.288471
0.268093
0.275625
0.366585
0.435157
0.258035
0.259815
0.262190
0.268299
0.323606
0.421212
0.237344
0.426347
0.379041
0.390449
0.361944
0.331006
0.246193
0.300032
0.512548
0.318636
0.381578
0.343523
0.358860
0.406512
0.335585
0.591526
0.277182
0.290621
0.414400
0.320369
0.406207
0.309605
0.285702
0.366402
0.427390
0.333092
0.350612
0.344243
0.332139
0.483966
0.236921
0.371870
0.418327
0.244181
0.358799
0.262490
0.368653
0.357377
0.346276
0.267877
0.285283
0.310431
0.296167
0.300564
0.477126
0.395810
0.310116
0.218775
0.361444
0.270689
0.327764
0.437236
0.270454
0.406825
0.235321
0.222031
0.328881
0.233721
0.366343
0.284209
0.323272
0.301873
0.245883
0.305296
0.284905
0.369081
0.398571
0.416449
0.220896
0.269001
0.253400
0.208670
0.379949
0.408263
0.320478
0.421187
0.476592
0.359979
0.289385
0.240542
0.309682
0.303632
0.391608
0.288995
0.365200
0.256209
0.432295
0.544636
0.349897
0.412724
0.327904
0.289814
0.358635
0.371186
0.301462
0.411396
0.481432
0.488735
0.427288
0.323924
0.368173
0.260108
0.255427
0.350677
0.358234
0.210055
0.326328
0.330873
0.405799
0.311551
0.384796
0.337948
0.283281
0.241917
0.367028
0.274910
0.551582
0.421920
0.267147
0.309616
0.366980
0.393719
0.303469
0.399966
0.258362
0.363145
0.345215
0.419577
0.316509
0.389078
0.385014
0.455412
0.260108
0.285942
0.340591
0.378682
0.427736
0.331845
0.347780
0.294511
0.309975
0.278292
0.340977
0.375032
0.318307
0.385439
0.502933
0.395649
0.225083
0.404320
0.509588
0.409635
0.411669
0.184184
0.568705
0.365423
0.317262
0.366663
0.329195
0.256739
0.365363
0.286348
0.352017
0.293772
0.287936
0.350658
0.311971
0.347884
0.256500
0.290887
0.314536
0.267388
0.414213
0.322091
0.290059
0.254405
0.230300
0.325840
0.315667
0.140719
0.292771
0.402483
0.209106
0.251452
0.411108
0.391911
0.245744
0.251598
0.317709
0.321476
0.200642
0.471546
0.345846
0.283249
0.248978
0.275286
0.316791
0.366260
0.298288
0.335298
0.326862
0.332531
0.232296
0.404299
0.210554
0.388502
0.391489
0.207119
0.289000
0.285844
0.280804
0.172884
0.350140
0.286456
0.329541
0.256684
0.220737
0.214767
0.290559
0.235545
0.298576
0.349115
0.305339
0.233649
0.278678
0.274223
0.374558
0.265529
0.277755
0.306366
0.230278
0.333338
0.266808
0.282772
0.316147
0.259562
0.270529
0.226134
0.269540
0.408550
0.330886
0.274002
0.201523
0.267299
0.269377
0.315441
0.427140
0.287746
0.276642
0.394840
0.333661
0.318224
0.321298
0.266314
0.273319
0.474004
0.362676
0.344514
0.190282
0.291748
0.344545
0.241229
0.379119
0.382387
0.272848
0.366118
0.352228
0.238860
0.241468
0.310559
0.257956
0.320155
0.422318
0.302522
0.238436
0.293727
0.357789
0.217598
0.166963
0.333872
0.379667
0.382332
0.310126
0.381915
0.351964
0.276692
0.388512
0.162012
0.468888
0.258219
0.431032
0.374366
0.294969
0.369058
0.330842
0.219580
0.396689
0.291274
0.302246
0.353690
0.399869
0.341707
0.327614
0.278514
0.354372
0.354261
0.314121
0.301354
0.205871
0.356288
0.357800
0.292384
0.269593
0.312403
0.367016
0.259554
0.365255
0.431093
0.365697
0.211030
0.279129
0.359424
0.311173
0.447328
0.234276
0.340838
0.342673
0.296292
0.250492
0.369720
0.307904
0.388293
0.176276
0.155510
0.409922
0.262327
0.349152
0.397811
0.408930
0.342203
0.444657
0.382964
0.369044
0.331887
0.466141
0.390710
0.200720
0.273491
0.295165
0.241208
0.410773
0.250519
0.483738
0.312100
0.278303
0.325007
0.297361
0.405379
0.341680
0.245161
0.306711
0.269255
0.451574
0.394886
0.290387
0.239145
0.331957
0.304369
0.302140
0.299578
0.366612
0.325475
0.311891
0.285257
0.424450
0.216626
0.421640
0.366934
0.310171
0.300355
0.399278
0.306527
0.417914
0.280244
0.332717
0.313222
0.241560
0.394140
0.286809
0.376531
0.413538
0.402727
0.188962
0.196200
0.263987
0.424532
0.347594
0.465721
0.379146
0.259976
0.392891
0.278708
0.285375
0.320576
0.309594
0.239506
0.377962
0.268656
0.342948
0.408660
0.301489
0.202970
0.336865
0.288041
0.296278
0.415812
0.304607
0.336301
0.211976
0.254777
0.198859
0.479293
0.233871
0.344100
0.402203
0.218433
0.262738
0.301712
0.259010
0.269476
0.278840
0.405476
0.245719
0.426482
0.244596
0.494529
0.316956
0.201127
0.254757
0.256101
0.386687
0.490565
0.268787
0.386793
0.295242
0.272824
0.185529
0.266810
0.398328
0.195297
0.325294
0.296300
0.297436
0.210541
0.314476
0.344585
0.368020
0.231749
0.278447
0.315273
0.279631
0.327348
0.391285
0.480799
0.376637
0.465952
0.271672
0.217279
0.282705
0.325322
0.243617
0.456618
0.352458
0.208679
0.192556
0.297148
0.417490
0.310421
0.241956
0.310736
0.270687
0.331609
0.400843
0.225391
0.362807
0.265395
0.255549
0.264125
0.400168
0.437772
0.301795
0.309389
0.269755
0.449927
0.397346
0.319230
0.418889
0.494852
0.327990
0.256524
0.360143
0.432602
0.428715
0.324703
0.371376
0.481804
0.322135
0.260197
0.368506
0.359206
0.260851
0.298419
0.438094
0.316504
0.234145
0.335576
0.308989
0.315033
0.347147
0.405590
0.389353
0.214027
0.440674
0.210943
0.269344
0.331916
0.413181
0.393272
0.251724
0.386332
0.249733
0.306358
0.378692
0.334837
0.282668
0.230063
0.242080
0.404261
0.369264
0.340256
0.238236
0.376373
0.327179
0.357008
0.334013
0.335959
0.232339
0.248317
0.385841
0.262964
0.287285
0.190280
0.282475
0.318475
0.429714
0.370099
0.259349
0.294639
0.389705
0.252923
0.350958
0.273354
0.340265
0.402064
0.269012
0.387455
0.318198
0.248855
0.321215
