2.425889
6.115448
5.479551
3.526375
2.604702
2.836637
2.525577
2.434673
2.464160
2.402853
2.345473
2.413560
2.415667
2.424525
2.303568
2.303693
2.294305
2.302106
2.294761
2.303410
2.314178
2.350912
2.257658
2.317992
2.266084
2.277403
2.337423
2.311782
2.378203
2.273053
2.262200
2.308095
2.259263
2.307659
2.371727
2.331459
2.308180
2.359973
2.319655
2.276360
2.272667
2.290235
2.287017
2.339625
2.269271
2.261715
2.248953
2.295871
2.263877
2.256758
2.236369
2.325267
2.294286
2.243953
2.248850
2.307214
2.296585
2.310633
2.276939
2.266354
2.259939
2.255733
2.268267
2.273895
2.280194
2.241627
2.246308
2.261054
2.248374
2.260958
2.254816
2.145334
2.214137
2.196198
2.188497
2.184317
2.224348
2.249508
2.241104
2.150649
2.205526
2.149772
2.177960
2.082812
2.207026
2.147864
2.201042
2.183701
2.148101
2.130516
2.090609
2.172064
2.148108
2.220530
2.172568
2.242924
2.198917
2.135463
2.156835
2.092302
2.112649
2.116014
2.128435
2.124687
2.216087
2.077099
2.053485
2.100479
2.097409
2.226537
2.027109
2.087471
2.104248
2.044272
2.086921
2.024823
2.046738
1.975927
1.935597
1.953840
1.964129
2.182058
2.100707
1.960981
2.133985
2.160416
2.002891
2.016337
2.012705
2.025841
2.063047
2.002611
2.116299
1.976732
2.023580
1.979925
2.027680
1.906334
1.927884
2.048833
1.883805
1.944837
1.892767
1.997346
1.868830
1.988101
1.865113
1.994337
1.985451
2.017586
1.883327
1.882873
1.903774
2.130424
2.015344
1.938749
2.008288
1.916608
1.935334
2.024538
1.911037
1.994049
1.971779
1.937421
1.875540
1.865868
1.849657
1.956719
1.887944
1.910049
1.897411
2.037830
2.046959
1.961266
2.163935
1.983862
1.962918
1.885710
1.893721
1.995962
1.847405
1.879869
2.034961
1.828134
1.937063
1.847396
1.887058
1.793858
1.919863
1.943410
1.995901
1.930187
1.845422
1.959019
1.860047
1.923206
1.870304
1.849031
1.830092
1.835459
1.813533
1.917363
1.813115
1.875835
1.719208
1.903895
1.876499
1.792698
1.801605
1.962361
1.902712
1.819138
1.972878
1.825707
1.857008
1.827280
1.869928
1.888394
1.841989
1.799727
1.742017
1.917442
1.737513
1.842639
1.800738
1.817257
1.744421
1.805175
1.799679
1.836505
1.938149
1.914746
1.886779
1.774654
2.020993
1.948435
1.898998
1.877381
1.846958
1.809147
1.841573
1.878849
1.756436
1.899736
1.771367
1.735788
1.803784
1.878232
1.704425
1.933882
1.812222
1.685953
1.854567
1.794614
1.851576
1.766910
1.676648
1.765249
1.787360
1.629050
1.703382
1.709347
1.707917
1.775380
1.849716
1.599321
1.925905
1.728133
1.717136
1.722731
1.731113
1.688432
1.713823
1.670311
1.783331
1.819862
1.719163
1.799136
1.707128
1.793543
1.557502
1.833638
1.753331
1.631757
1.716409
1.823639
1.654455
1.645175
1.668721
1.676433
1.588751
1.484967
1.681584
1.613640
1.659583
1.775318
1.821627
1.696140
1.594638
1.738392
1.695275
1.768179
1.731725
1.655993
1.698060
1.805027
1.688911
1.707984
1.721148
1.752618
1.614816
1.634514
1.628745
1.675293
1.834886
1.787038
1.638071
1.792662
1.558842
1.749913
1.740279
1.637151
1.701254
1.675086
1.570552
1.652635
1.596697
1.552262
1.490786
1.583090
1.534241
1.552204
1.595324
1.605967
1.637753
1.725612
1.733038
1.555197
1.609569
1.481763
1.647964
1.558193
1.747475
1.678054
1.488607
1.579910
1.656062
1.646865
1.601777
1.673115
1.588016
1.730504
1.620750
1.539762
1.729068
1.495784
1.595025
1.351943
1.500150
1.826496
1.573422
1.589083
1.549732
1.652480
1.515437
1.801941
1.636272
1.677964
1.526346
1.503544
1.577321
1.676240
1.734557
1.802226
1.603080
1.494429
1.591772
1.602135
1.514864
1.618202
1.537885
1.543121
1.534131
1.517666
1.659522
1.583589
1.670994
1.626277
1.582989
1.708699
1.544135
1.626719
1.673538
1.626122
1.549431
1.557288
1.553942
1.606344
1.550144
1.647879
1.654227
1.498166
1.454572
1.488600
1.389037
1.620134
1.540792
1.593379
1.531390
1.492619
1.533283
1.398745
1.564054
1.810006
1.427265
1.624294
1.489466
1.538010
1.412510
1.738359
1.494532
1.500883
1.517346
1.625200
1.545413
1.450270
1.533707
1.315264
1.532876
1.431220
1.384774
1.393531
1.458277
1.539393
1.547800
1.482368
1.400888
1.467552
1.511491
1.580250
1.530242
1.462723
1.553661
1.501362
1.497409
1.543097
1.498232
1.550201
1.629925
1.405933
1.456465
1.545085
1.606434
1.496356
1.441575
1.484515
1.313707
1.454311
1.458477
1.541754
1.387804
1.626367
1.391501
1.464101
1.364734
1.359387
1.449770
1.413805
1.323442
1.696994
1.370966
1.470666
1.418985
1.341559
1.550983
1.533181
1.468952
1.465105
1.502363
1.480207
1.438305
1.410719
1.437453
1.450472
1.498415
1.542157
1.430749
1.561045
1.383189
1.264801
1.462115
1.367821
1.525820
1.466937
1.395029
1.400967
1.572452
1.554488
1.717233
1.567243
1.453250
1.555836
1.468441
1.533479
1.693992
1.492749
1.603932
1.554947
1.410410
1.409646
1.300442
1.560524
1.600261
1.575544
1.558175
1.374551
1.344077
1.268126
1.415997
1.405418
1.698322
1.546493
1.523069
1.366661
1.393499
1.325499
1.366492
1.446297
1.325916
1.337634
1.519446
1.274837
1.448483
1.522453
1.492863
1.323069
1.492372
1.354182
1.423403
1.368472
1.475434
1.458213
1.288280
1.265537
1.295952
1.432015
1.363680
1.378273
1.383810
1.408733
1.502944
1.411485
1.709097
1.476970
1.385179
1.394072
1.324754
1.617481
1.380089
1.343657
1.608462
1.336317
1.232904
1.348623
1.437171
1.455007
1.495220
1.408870
1.443868
1.398107
1.497890
1.646357
1.497599
1.402135
1.450905
1.460273
1.444541
1.431213
1.386836
1.492669
1.471561
1.253472
1.528259
1.354466
1.515966
1.420099
1.445877
1.255553
1.542509
1.225379
1.499359
1.241086
1.285221
1.327504
1.317355
1.522545
1.290859
1.300378
1.329632
1.375913
1.353570
1.312453
1.488188
1.259037
1.294426
1.483692
1.480084
1.308153
1.343531
1.229522
1.273001
1.248114
1.371661
1.228004
1.408858
1.288439
1.214363
1.245777
1.629979
1.433179
1.415246
1.454381
1.397261
1.484359
1.258004
1.450528
1.476331
1.319143
1.561822
1.470654
1.353669
1.425194
1.409336
1.417526
1.590346
1.395536
1.424003
1.262850
1.208684
1.264841
1.172754
1.382676
1.470072
1.411862
1.315004
1.480222
1.288686
1.374390
1.339439
1.259843
1.342398
1.251770
1.487705
1.379252
1.390747
1.340029
1.540901
1.408946
1.183916
1.264571
1.209166
1.257465
1.359253
1.505185
1.308733
1.264567
1.165650
1.262566
1.355923
1.255570
1.384838
1.435637
1.178670
1.274274
1.408226
1.276840
1.330340
1.383712
1.412496
1.375236
1.421224
1.197543
1.163892
1.273423
1.144217
1.370105
1.226540
1.154309
1.177606
1.316388
1.230055
1.313607
1.084760
1.235566
1.292342
1.111485
1.166901
1.133379
1.189879
1.298634
1.499894
1.163860
1.330827
1.257897
1.227122
1.350384
1.373574
1.141515
1.345548
1.203405
1.481576
1.170831
1.160503
1.232108
1.297124
1.348620
1.243938
1.266961
1.194957
1.191368
1.249850
1.331183
1.087588
1.248091
1.216726
1.284932
1.178527
1.181389
1.322833
1.228564
1.184973
1.197318
1.320623
1.156817
1.309265
1.199401
1.262608
1.084730
1.086236
1.097225
1.355671
1.237167
1.262391
1.086751
1.105008
1.092636
1.206503
1.110943
1.162175
1.266447
1.121136
1.082138
1.353221
1.257375
1.139749
1.232064
1.135352
1.261820
1.431810
1.271987
1.293171
1.244039
1.155694
1.189270
1.330574
1.298937
1.223647
1.335653
1.109951
1.205517
1.207560
1.257348
1.331553
1.337450
1.369245
1.312310
1.113966
1.226534
1.168589
1.330988
1.221825
1.334452
1.160366
1.370802
1.370002
1.180418
1.132421
1.334209
1.291571
1.082370
1.084074
1.190356
1.100538
1.201303
1.348831
1.071412
1.212312
1.226928
1.069748
1.201416
1.270236
1.236822
1.037872
1.116988
1.135644
1.232777
1.001090
1.373497
1.081526
1.185728
1.325746
1.132222
1.118532
1.277985
1.012991
1.117659
1.176603
1.069597
1.126127
1.204941
1.269719
1.162516
1.153654
1.236794
1.125141
1.074969
1.288617
1.218863
1.073015
1.180411
1.153138
1.197783
1.165511
1.301996
1.217917
1.172995
1.068704
1.237468
1.029965
1.120360
1.189585
0.998756
1.225233
0.879472
1.078740
1.097135
1.008617
1.161233
1.097194
1.220942
1.109443
1.292766
1.099924
1.212614
1.103242
1.030670
1.266880
0.988187
1.009970
1.263586
1.248652
1.186203
1.114183
1.079978
1.021399
1.141130
1.188050
1.114521
1.146425
1.055150
1.049536
1.134167
1.201117
1.090954
1.148825
1.086604
1.230595
1.270048
1.012305
1.356993
1.190110
1.265474
1.127541
1.197379
1.134280
1.254791
1.080848
1.281088
1.055056
1.022174
1.430312
1.247554
1.126040
1.230208
1.141536
1.181080
1.021331
1.251893
1.053334
1.185502
1.088097
1.082960
1.145798
0.910308
1.107824
1.093202
1.097538
1.157835
1.211983
1.073965
1.135505
1.124576
1.057838
0.866021
1.472719
1.079515
1.084469
1.113872
1.109039
1.148191
1.218859
1.066907
1.011378
1.199985
1.083855
1.193790
1.309821
1.158117
1.108679
0.922971
1.369063
1.030928
1.117495
1.269997
1.001133
1.200523
1.033092
1.015500
1.023458
1.326084
1.022150
1.116650
0.973541
1.157160
1.139684
1.159155
1.092008
1.055781
0.966553
1.183432
1.141072
0.922977
0.974218
0.949284
1.082667
1.037397
0.908109
1.061121
1.051500
1.100938
1.190502
1.043621
1.190875
1.098719
1.289621
1.060858
1.099174
1.097714
1.037832
1.166506
1.126760
1.113576
1.301102
1.110288
1.102947
1.250183
1.145818
1.054036
1.055235
1.096075
1.061781
1.128653
1.076958
1.216284
0.973315
1.229999
1.184087
1.103355
1.016474
1.079956
1.054595
1.125499
1.088464
1.051766
0.976599
1.066697
1.014454
1.005957
1.178330
0.982942
0.986132
1.096988
1.016002
1.013360
0.958661
1.011009
0.964196
1.106049
1.010113
0.938012
0.883630
1.191347
1.221164
1.112724
1.045233
0.950341
1.066387
0.994683
1.020688
1.091875
1.000457
0.961953
1.065218
0.937759
0.937426
0.954605
0.849405
0.942007
1.155510
0.826539
1.180453
1.129436
1.177172
1.041201
1.065076
0.983134
0.921708
1.184908
0.933280
1.072502
1.034403
1.003628
0.960079
0.900477
1.118905
1.096503
1.054078
0.986104
1.011418
1.041540
0.908923
0.951516
0.996264
1.019655
0.912948
1.047783
1.007865
1.089656
0.965416
0.989941
0.939127
0.948446
0.933896
1.071541
1.035910
0.951604
0.921601
1.072877
0.952415
1.012661
1.117337
0.933612
0.944788
1.049898
1.206049
1.089292
0.937880
0.984175
1.037796
0.824607
1.011525
1.121871
1.024974
1.054410
0.981762
0.783651
0.972586
1.041375
0.937541
0.838204
1.012698
1.062773
1.024247
1.115655
0.898346
0.956702
1.219073
1.032412
0.895791
1.094352
1.024485
0.861902
1.121681
0.745582
0.960034
1.008480
0.958870
0.970982
1.357249
0.974511
0.970400
1.088961
1.063397
1.058664
0.966556
0.958485
1.054363
0.967824
1.057113
1.010660
0.946461
1.094801
1.103685
0.923053
0.965327
1.052138
1.205304
1.020680
0.997157
1.018527
0.900589
0.881970
1.087234
0.980751
0.953031
0.835585
0.988014
0.961416
0.909597
1.068037
1.138353
0.939374
1.037701
0.871606
0.821218
0.901465
1.111329
1.027971
1.075038
1.206769
0.923099
0.745824
0.902592
1.029626
1.128824
0.814141
0.943368
0.958668
0.940430
0.926482
0.940089
1.045845
1.090452
0.931925
0.902493
0.869210
1.089125
0.928889
0.810968
0.959048
1.001340
0.989682
0.925231
0.933784
0.901776
1.053188
0.781716
0.848026
0.923278
1.015900
0.874989
1.121225
0.982710
1.123394
0.872934
1.297854
0.981042
0.883851
0.891562
1.030991
0.929411
0.998246
1.228698
0.990136
0.932839
0.901698
0.827481
0.929032
1.009097
0.888353
1.102294
0.887082
1.089842
1.036570
0.924534
0.933037
1.099516
1.060186
1.116692
0.835645
0.880417
1.053903
0.953835
1.118569
1.080548
0.748636
0.958635
0.961739
0.835806
1.149240
0.963594
0.890827
1.044209
1.045060
0.865708
1.060065
0.830057
0.954875
0.877730
0.879113
0.970654
0.949418
0.923521
0.935795
0.732837
0.960001
0.778043
0.932900
0.833659
1.140547
0.910205
0.832734
1.093359
0.937535
0.910174
0.878148
1.133484
0.838787
0.923195
0.906408
0.713691
0.942597
0.828689
1.207436
1.030191
0.900899
0.937092
0.871862
0.958120
0.834607
1.083147
0.893295
1.027982
1.001401
0.927152
1.015542
0.918259
0.874390
0.886176
0.791484
0.969524
0.946477
0.931449
0.868369
1.092043
0.879409
0.881333
0.889562
0.973785
1.031337
0.875809
1.049590
0.961509
0.876811
0.851751
0.873315
0.773250
0.922338
0.775166
0.886661
0.846294
0.837392
1.010939
0.974112
0.983377
0.862312
0.904151
0.952574
0.874405
0.947434
0.999690
1.005200
0.899756
0.930871
1.031580
0.707632
0.962282
0.920800
0.923757
0.793809
0.757902
1.059812
0.876316
0.885547
0.968166
0.840267
0.851391
0.901836
0.958617
0.817244
0.877580
1.211148
0.946421
0.968369
0.923815
0.982787
0.916714
0.929588
1.011543
0.751120
0.781251
0.927437
1.109829
0.873265
0.911244
0.864508
0.888817
1.033890
1.059594
0.892052
0.944886
0.852899
0.951960
0.767050
1.058806
0.905963
0.781436
0.996467
0.824222
0.815871
0.839060
0.939693
0.837228
0.871065
0.727928
0.952915
0.963632
1.106918
0.944061
0.776798
0.982255
0.886137
0.778758
0.963462
0.987164
0.732827
0.825706
1.051311
0.839826
0.911406
0.958731
0.808599
1.042482
0.871631
0.936901
0.972289
0.928399
1.010594
0.902447
0.793254
0.738909
0.907332
0.979647
0.745449
0.933749
0.985140
1.076342
0.972903
0.872561
0.834127
0.972342
0.891436
0.795133
0.996691
0.690218
0.836523
0.695790
0.928363
0.939204
0.917600
0.985505
0.936706
0.997789
0.920904
0.799131
0.869774
0.849885
1.027861
0.883508
0.905265
0.819949
0.661086
0.890790
0.876570
0.832305
0.788560
0.855429
0.769676
0.864907
0.776727
0.804034
0.865792
0.837551
0.920831
0.785514
0.744784
0.870397
0.836855
0.694218
0.918947
0.807877
0.612483
0.924689
0.953433
1.042789
0.771988
0.815419
0.864566
0.904302
0.774290
0.676680
0.864901
0.843659
0.781250
0.849677
0.780291
0.682417
0.872930
0.840336
1.020546
0.734766
1.007066
0.760900
1.050094
0.830054
0.742789
0.972655
0.903165
0.791759
0.970881
0.947944
0.805484
0.854374
0.838451
0.821591
0.958884
0.916421
1.063383
0.954365
0.787275
0.892665
0.875759
0.648475
0.800470
0.878843
0.991345
0.824384
0.877156
0.846895
0.841926
0.793259
0.825453
0.858508
0.847762
0.833421
0.777024
0.901154
0.691054
0.744042
0.862281
0.876561
0.747268
0.943170
0.990814
0.976566
0.939778
0.747163
0.861897
0.895746
0.879034
0.714372
0.974007
0.803345
0.789282
0.681993
0.730842
0.745231
0.723560
0.752123
0.763449
0.711190
0.986175
0.793703
0.745574
1.042080
0.851683
0.986942
0.834616
1.103789
1.009054
1.224590
0.909765
0.770546
1.015554
0.903743
0.816493
0.998581
0.792092
0.839953
0.952283
0.829108
0.763892
0.773726
0.885795
0.817676
0.954638
0.869380
0.854228
0.921584
0.977526
0.731535
0.815890
0.824884
0.946828
0.811264
0.895673
0.993533
0.886899
0.779688
0.763629
0.780982
0.912460
0.841748
0.854681
0.825559
0.777309
0.857663
0.696804
0.768477
0.914678
0.950689
0.800980
1.053199
0.850763
0.874206
0.927797
0.870331
0.996729
0.766118
0.929457
0.630659
0.729852
0.981995
0.713731
0.809852
0.853346
0.840159
0.794059
0.822173
0.819210
0.860469
0.765111
0.683146
0.859674
0.786743
0.921298
0.691159
0.808141
0.834561
0.875813
0.738782
1.070552
0.647334
0.722359
0.695198
0.836660
0.943918
0.678117
0.807568
0.700436
0.831664
0.735933
0.909659
0.788774
0.758052
0.634902
0.834781
0.938664
0.891455
0.837516
0.812738
0.840836
0.853883
0.709626
0.670149
0.790976
0.823445
0.812991
0.935734
0.722710
0.700518
0.881499
1.001934
0.745567
0.825172
0.755787
0.854046
0.924167
0.911736
0.862111
0.957959
0.824300
0.721203
0.774071
0.753565
0.796095
0.681988
0.990813
0.750500
0.894676
0.838063
0.795649
0.821886
0.697079
0.880261
0.819420
0.808223
0.662202
0.854864
0.770699
0.887560
0.663721
0.941999
0.816905
0.845984
0.678747
0.756691
0.820294
0.749796
0.789881
1.031542
0.902514
0.917355
0.646856
0.965053
0.890227
0.695520
0.861414
0.867097
0.820178
0.719585
0.693760
0.696009
0.791651
0.674841
0.734464
0.866882
0.695552
0.897754
0.792938
0.711750
0.937562
0.708320
0.803065
0.765050
0.669804
0.729175
0.899695
0.655696
0.758187
0.706941
0.855884
0.670687
0.777942
0.822679
0.640226
0.706616
0.980736
0.709620
0.736401
0.883511
0.948937
0.805016
0.978910
0.904239
0.767554
0.894878
0.893592
0.666531
0.824448
0.679942
0.875574
0.730179
0.716501
0.782540
0.692708
0.597963
0.808536
0.669777
0.916789
0.735435
0.725694
0.672866
0.834209
0.758337
0.645707
0.819898
0.791658
0.796777
0.648768
0.713402
0.808607
0.815903
0.815124
0.750585
0.725570
0.785221
0.668681
0.875371
0.723068
0.718683
0.680030
1.008341
0.968176
0.788963
0.821438
0.961868
0.821129
0.818043
0.778490
0.955800
0.909698
0.708079
1.005385
0.834370
0.828253
0.775467
0.744011
0.750179
0.942039
0.734446
0.717445
0.724337
0.881225
0.812941
0.744329
0.523514
0.716122
0.768076
0.663966
0.639448
0.742296
0.800699
0.707142
0.728328
0.749215
0.814692
0.627709
0.844245
0.692995
0.674142
0.837230
0.796797
0.578972
0.758988
0.741178
0.853521
0.745062
0.821979
0.688883
0.836564
0.759565
0.706654
0.871672
0.722980
0.682576
0.733412
0.680313
0.615187
0.832452
0.710428
0.873837
0.649670
0.721974
0.691197
0.723012
0.822691
0.709619
0.776660
0.671793
0.769626
0.766810
0.628080
0.814320
0.518374
0.699475
1.060908
0.781716
0.668721
0.925634
0.733624
0.728791
0.759213
0.847309
0.742223
0.785631
0.693653
0.833175
0.739683
0.758380
0.803793
0.989219
0.594494
0.744352
0.759167
0.864533
0.637805
0.636716
0.835279
0.675018
0.667387
0.775468
0.604085
0.672442
0.601600
0.753706
0.588349
0.818704
0.610368
0.881918
0.697881
0.806991
0.710081
0.764616
0.895941
0.935367
0.721728
0.698833
0.737864
0.830493
0.850619
0.826538
0.861602
0.810515
0.837964
0.687569
0.733639
0.818931
0.828891
0.646829
0.742526
0.810271
0.740584
0.715080
0.664806
0.576424
0.674049
0.658123
0.729938
0.698246
0.726470
0.831984
0.609560
0.763892
0.813367
0.761414
0.639655
0.587594
0.752839
0.717004
0.851811
0.761674
0.477649
0.643180
0.565928
0.730262
0.846945
0.805303
0.792710
0.832128
0.959846
0.866273
0.756602
0.789493
0.786065
0.771559
0.775630
0.838417
0.870710
0.631912
0.780905
0.646420
0.769818
0.617293
0.661417
0.787906
0.603204
0.658671
0.524571
0.668507
0.638819
0.742744
0.665301
0.643620
0.705298
0.665724
0.712067
0.686533
0.845533
0.757871
0.975483
0.846113
0.707310
0.804813
0.754860
0.685813
0.691565
0.908159
0.799301
0.664534
0.771634
0.698499
0.595480
0.843241
0.590822
0.705521
0.649263
0.847221
0.536635
0.747647
0.704689
0.634486
0.589266
0.811391
0.755815
0.809084
0.652651
0.711116
0.623810
0.826018
0.679375
0.660126
0.685649
0.639722
0.691880
0.680833
0.645565
0.789848
0.588244
0.632700
0.666854
0.631184
0.763922
0.882715
0.868471
0.658446
0.689474
0.833190
0.627610
0.652429
0.699784
0.590104
0.525225
0.652256
0.690532
0.648285
0.668404
0.799012
0.740438
0.592998
0.594506
0.736875
0.683883
0.654116
0.623549
0.902803
0.630382
0.704226
0.756660
0.720156
0.775089
0.800616
0.537047
0.883381
0.598722
0.643164
0.531070
0.593497
0.776121
0.779674
0.613741
0.781571
0.811716
0.773500
0.752205
0.580559
0.706703
0.578246
0.790881
0.759002
0.547340
0.681458
0.592235
0.641402
0.687310
0.690514
0.879275
0.963905
0.661660
0.733160
0.662964
0.721948
0.559757
0.613902
0.873160
0.587924
0.675790
0.636096
0.769773
0.730870
0.817454
0.686800
0.591152
0.764771
0.788045
0.717836
0.552544
0.720955
0.842350
0.659470
0.475429
0.645113
0.831616
0.493879
0.839208
0.571511
0.845640
0.600146
0.704787
0.630637
0.671463
0.640601
0.748535
0.755383
0.685681
0.639683
0.577571
0.612542
0.479101
0.714851
0.530808
0.686722
0.491703
0.772544
0.766775
0.696168
0.662779
0.712072
0.812724
0.649195
0.794661
0.762237
0.697449
0.615380
0.860866
0.662991
0.852619
0.830635
0.791807
0.702754
0.554237
0.558349
0.523130
0.710571
0.641793
0.780200
0.691737
0.554588
0.681206
0.823679
0.942355
0.583623
0.925262
0.712793
0.694496
0.640667
0.721126
0.856083
0.626088
0.728649
0.765853
0.648550
0.695620
0.530419
0.661601
0.682572
0.757214
0.763765
0.630300
0.629766
0.658647
0.640253
0.713338
1.022265
0.605476
0.647479
0.651820
0.783584
0.727747
0.614557
0.826585
0.725592
0.589663
0.615511
0.836426
0.444919
0.745582
0.740389
0.739468
0.906219
0.860811
0.662923
0.656363
0.652993
0.768634
0.662089
0.689931
0.688374
0.592422
0.666231
0.768335
0.661390
0.513077
0.500439
0.770521
0.666815
0.697109
0.734313
0.607388
0.686302
0.618163
0.657946
0.634403
0.584314
0.790808
0.707984
0.694849
0.604894
0.541662
0.738112
0.771387
0.688465
0.504003
0.541056
0.755544
0.780683
0.785048
0.874830
0.680110
0.732605
0.671274
0.695287
0.737264
0.564051
0.603200
0.684471
0.635942
0.789917
0.633621
0.612402
0.592559
0.726426
0.654950
0.816351
0.678004
0.704075
0.645649
0.564652
0.658978
0.587997
0.628155
0.732375
0.588461
0.732856
0.856275
0.536583
0.601724
0.627893
0.610243
0.729068
0.833561
0.636040
0.677923
0.558785
0.686942
0.667961
0.600308
0.747202
0.702963
0.561384
0.599140
0.532271
0.944666
0.677566
0.637253
0.570995
0.582648
0.691677
0.469512
0.552555
0.724492
0.729993
0.585099
0.669232
0.621711
0.849134
0.646941
0.691340
0.620858
0.698343
0.840007
0.505664
0.534225
0.790062
0.526026
0.768364
0.627494
0.776668
0.738864
0.717762
0.623276
0.477386
0.865221
0.698679
0.720172
0.865211
0.662401
0.686477
0.804031
0.576788
0.789149
0.790482
0.797820
0.716386
0.733216
0.657573
0.646340
0.547254
0.782503
0.631118
0.722716
0.730006
0.641631
0.600742
0.714583
0.699049
0.606521
0.562606
0.711974
0.626747
0.630854
0.698802
0.832155
0.502423
0.684697
0.752304
0.584051
0.690198
0.782708
0.806003
0.532485
0.655275
0.520815
0.679768
0.700079
0.655139
0.579343
0.510060
0.786304
0.550460
0.596455
0.624708
0.606373
0.666373
0.850593
0.930912
0.801581
0.678670
0.539901
0.767673
0.842534
0.581147
0.578270
0.549166
0.683159
0.519164
0.720302
0.574938
0.616258
0.643214
0.573288
0.649452
0.555074
0.631181
0.629241
0.746852
0.683049
0.564124
0.622409
0.644416
0.878205
0.655802
0.483385
0.731867
0.658055
0.625734
0.621861
0.577276
0.549360
0.649363
0.659948
0.704500
0.652381
0.545395
0.506993
0.672803
0.590853
0.747366
0.717109
0.700908
0.540925
0.566905
0.641158
0.699849
0.581104
0.658864
0.607938
0.674018
0.578334
0.687548
0.685789
0.614292
0.517869
0.422677
0.588251
0.736462
0.655695
0.668915
0.562666
0.539283
0.481259
0.544764
0.722719
0.601788
0.676424
0.480337
0.703711
0.673982
0.673191
0.617676
0.558953
0.734165
0.489775
0.665415
0.544201
0.717993
0.716855
0.663911
0.602019
0.800559
0.690008
0.573804
0.608836
0.679038
0.725664
0.889617
0.770489
0.840749
0.787848
0.496382
0.875323
0.562339
0.774953
0.449672
0.608488
0.731778
0.504635
0.735786
0.698858
0.565195
0.635956
0.605726
0.711705
0.651756
0.519672
0.590216
0.923172
0.507977
0.695955
0.560196
0.601788
0.568670
0.838240
0.667562
0.855652
0.722060
0.653108
0.730979
0.511863
0.619074
0.628855
0.799921
0.665744
0.670876
0.802565
0.590438
0.537244
0.654733
0.512644
0.690164
0.659807
0.710048
0.587042
0.498369
0.469063
0.613182
0.485188
0.612894
0.555519
0.613718
0.456917
0.752285
0.617945
0.556024
0.577727
0.771722
0.711883
0.725057
0.735941
0.632790
0.560764
0.679236
0.469360
0.442772
0.607444
0.517417
0.572795
0.872358
0.469302
0.574362
0.445346
0.594400
0.465158
0.643691
0.611409
0.710015
0.653352
0.552641
0.648322
0.692142
0.662489
0.778466
0.498943
0.688341
0.612224
0.702175
0.549453
0.775210
0.716701
0.513221
0.522326
0.598285
0.662071
0.662790
0.507451
0.613676
0.481900
0.484909
0.488952
0.624136
0.507894
0.628128
0.720994
0.624549
0.765765
0.533913
0.599059
0.761504
0.601426
0.602985
0.625870
0.599779
0.715519
0.750001
0.576162
0.593036
0.596324
0.617313
0.723750
0.643060
0.678726
0.610925
0.601704
0.819496
0.679011
0.839008
0.728372
0.531115
0.725564
0.466254
0.512161
0.568483
0.629361
0.828473
0.512169
0.667369
0.553792
0.394592
0.658087
0.736779
0.653362
0.487353
0.618752
0.606025
0.676392
0.501854
0.561392
0.515942
0.658259
0.711065
0.530438
0.599987
0.790059
0.747645
0.526979
0.693556
0.584579
0.662211
0.647239
0.644009
0.585649
0.672151
0.539015
0.685897
0.603612
0.541944
0.709067
0.562894
0.868349
0.774343
0.697013
0.602839
0.597520
0.776181
0.621899
0.739274
0.494437
0.536967
0.664603
0.733381
0.563855
0.762604
0.553258
0.475152
0.644340
0.479554
0.667040
0.567495
0.432690
0.620026
0.578908
0.725479
0.561713
0.916285
0.522344
0.589385
0.490799
0.580130
0.478441
0.628955
0.696378
0.607523
0.543569
0.549859
0.557636
0.473191
0.725881
0.653624
0.605781
0.743476
0.604592
0.546112
0.647755
0.454125
0.497171
0.486364
0.634623
0.673338
0.510664
0.734046
0.519051
0.583350
0.497318
0.438825
0.719102
0.686493
0.642474
0.584863
0.846379
0.745186
0.547322
0.505289
0.583118
0.718490
0.728624
0.703467
0.621951
0.630843
0.708397
0.648866
0.620117
0.706369
0.518947
0.450306
0.506292
0.406329
0.436456
0.738106
0.598749
0.611702
0.591260
0.581886
0.537357
0.511675
0.446993
0.434690
0.549520
0.664944
0.524636
0.451700
0.474764
0.690490
0.533616
0.813402
0.590825
0.707606
0.621378
0.628734
0.581375
0.611544
0.653670
0.785655
0.437976
0.586043
0.559769
0.732142
0.487094
0.521132
0.581824
0.536199
0.689147
0.677252
0.543465
0.565602
0.544293
0.626571
0.589098
0.408764
0.524478
0.600022
0.717006
0.586779
0.605516
0.725624
0.598681
0.616827
0.733917
0.581865
0.468592
0.794334
0.577252
0.763214
0.456917
0.495077
0.642839
0.610018
0.594032
0.493666
0.538578
0.417624
0.662761
0.591629
0.485423
0.732779
0.589675
0.491587
0.506095
0.586628
0.680812
0.563844
0.548274
0.648100
0.609230
0.716515
0.593355
0.452234
0.568823
0.712563
0.558027
0.486877
0.576632
0.632596
0.609173
0.646015
0.447865
0.429582
0.630481
0.696212
0.501996
0.439113
0.442249
0.566567
0.723876
0.535633
0.372047
0.497371
0.532524
0.630482
0.556785
0.437464
0.514903
0.677275
0.639051
0.531062
0.613222
0.591172
0.513314
0.535565
0.566526
0.517279
0.587586
0.420382
0.477840
0.595503
0.714192
0.614415
0.753038
0.516879
0.435547
0.483086
0.467678
0.602717
0.515989
0.544462
0.567379
0.542090
0.615035
0.559474
0.727155
0.503258
0.469841
0.477252
0.544032
0.680446
0.645164
0.531393
0.525957
0.492535
0.578262
0.495154
0.574971
0.610023
0.709881
0.618144
0.466491
0.475364
0.531154
0.558333
0.654568
0.436827
0.642814
0.568330
0.565491
0.644324
0.522673
0.502949
0.418696
0.498087
0.632067
0.583434
0.602151
0.675484
0.573906
0.547651
0.647020
0.546087
0.514696
0.662926
0.700958
0.645303
0.606126
0.572432
0.538951
0.618911
0.449883
0.536740
0.528726
0.499231
0.521727
0.652651
0.502914
0.578938
0.871288
0.718629
0.594710
0.664033
0.552584
0.583236
0.617228
0.524677
0.534783
0.518782
0.593511
0.569514
0.578516
0.535234
0.612310
0.649145
0.531722
0.498201
0.586200
0.442191
0.670443
0.608225
0.455357
0.549042
0.602624
0.610479
0.577352
0.806785
0.414282
0.669418
0.426494
0.561317
0.607112
0.670790
0.512645
0.508238
0.646268
0.804695
0.359780
0.641297
0.767034
0.469320
0.474438
0.542666
0.493222
0.540542
0.733914
0.380288
0.431550
0.522869
0.556646
0.579270
0.561359
0.591434
0.613011
0.487453
0.587600
0.577228
0.650192
0.561595
0.690326
0.618189
0.625824
0.700333
0.540727
0.489872
0.461184
0.599877
0.754441
0.397620
0.631196
0.503481
0.558703
0.755238
0.546261
0.451160
0.618824
0.408813
0.517214
0.511416
0.597727
0.814736
0.539818
0.448490
0.543563
0.502789
0.434159
0.665663
0.701865
0.526278
0.494576
0.662160
0.540441
0.474720
0.570292
0.708084
0.460902
0.657577
0.553408
0.690595
0.393357
0.454654
0.456686
0.662308
0.544136
0.656757
0.590762
0.519553
0.613168
0.554350
0.582930
0.487348
0.729207
0.541980
0.554146
0.494316
0.498393
0.539708
0.482016
0.521850
0.539265
0.610120
0.556769
0.605753
0.607723
0.677387
0.591649
0.442909
0.670241
0.595832
0.532921
0.655842
0.563160
0.776680
0.525802
0.642884
0.501756
0.502651
0.578973
0.511923
0.617453
0.522091
0.497504
0.519294
0.548168
0.610575
0.690074
0.536309
0.613745
0.549893
0.525864
0.681765
0.573481
0.542018
0.512430
0.508413
0.550062
0.554993
0.454834
0.546832
0.414194
0.609829
0.665859
0.467887
0.484176
0.458731
0.534254
0.520944
0.552816
0.506602
0.402545
0.572292
0.621978
0.481706
0.460186
0.602064
0.530237
0.611652
0.512490
0.503078
0.490119
0.512815
0.491940
0.749890
0.526493
0.510683
0.539816
0.515714
0.513753
0.486120
0.436620
0.628150
0.688383
0.613889
0.660051
0.433622
0.606177
0.602756
0.371781
0.494602
0.576282
0.411639
0.376422
0.545025
0.651277
0.441669
0.578915
0.560334
0.609247
0.371982
0.538079
0.387018
0.454926
0.573122
0.550807
0.399867
0.582788
0.622585
0.678765
0.435863
0.434390
0.499958
0.543441
0.672075
0.502645
0.620803
0.594627
0.479298
0.678624
0.621752
0.539758
0.617495
0.386574
0.506052
0.611032
0.646627
0.679325
0.510381
0.577701
0.547476
0.640088
0.508319
0.632509
0.439948
0.679390
0.423309
0.699736
0.531628
0.544590
0.603764
0.629795
0.573698
0.643435
0.357324
0.638914
0.500251
0.491422
0.409187
0.536993
0.517004
0.441244
0.440971
0.675806
0.381071
0.493264
0.628533
0.445817
0.638537
0.591092
0.665556
0.459508
0.406277
0.551707
0.534367
0.533608
0.531636
0.475195
0.536125
0.628668
0.576551
0.539769
0.466592
0.450701
0.456535
0.383074
0.349900
0.572108
0.488540
0.575613
0.574147
0.421257
0.520410
0.565645
0.511104
0.484822
0.437556
0.577008
0.584868
0.444487
0.499279
0.563507
0.592586
0.381599
0.565124
0.540516
0.548795
0.549513
0.376027
0.561331
0.610590
0.629443
0.566931
0.475961
0.564124
0.464161
0.599607
0.584065
0.538195
0.388950
0.564769
0.713186
0.562585
0.510411
0.574825
0.454097
0.635725
0.640000
0.546912
0.558882
0.582404
0.610604
0.558029
0.617827
0.507734
0.617620
0.539424
0.487809
0.501449
0.516946
0.377701
0.361703
0.375746
0.468160
0.535201
0.414673
0.497477
0.608379
0.504037
0.629666
0.517062
0.677119
0.412355
0.574784
0.531568
0.479246
0.477117
0.408589
0.859609
0.516845
0.542663
0.475676
0.547023
0.558202
0.590436
0.516246
0.413009
0.508291
0.362875
0.501664
0.631414
0.585299
0.376057
0.530066
0.660797
0.578157
0.514182
0.658111
0.564501
0.544801
0.682255
0.639489
0.477220
0.597271
0.489629
0.435056
0.658364
0.527426
0.467228
0.600599
0.479130
0.742400
0.443981
0.517533
0.514615
0.645829
0.460385
0.402779
0.472459
0.408086
0.461857
0.418796
0.632874
0.573808
0.363847
0.480868
0.484357
0.545926
0.635632
0.385106
0.534108
0.512419
0.549756
0.555034
0.517812
0.579663
0.484335
0.493751
0.539315
0.580234
0.562447
0.571222
0.384644
0.381418
0.385972
0.530392
0.451277
0.347384
0.474309
0.409799
0.633320
0.333378
0.565869
0.555305
0.425921
0.402196
0.504722
0.365267
0.370529
0.415268
0.544032
0.452009
0.568531
0.625551
0.599948
0.607621
0.490009
0.599214
0.491359
0.428970
0.559739
0.460115
0.395748
0.461381
0.373785
0.455254
0.453653
0.699227
0.600158
0.534888
0.481629
0.484550
0.611787
0.583004
0.401239
0.505340
0.494829
0.541913
0.520716
0.523533
0.484380
0.370800
0.586962
0.470266
0.441206
0.438334
0.661164
0.450088
0.403457
0.460742
0.461426
0.520881
0.442509
0.620087
0.455659
0.542199
0.577474
0.477312
0.451578
0.595628
0.470979
0.406160
0.641957
0.505945
0.687365
0.492182
0.520390
0.469674
0.516992
0.519677
0.507766
0.567521
0.555283
0.404138
0.509694
0.426321
0.431335
0.529673
0.590326
0.508125
0.462789
0.528444
0.568627
0.624716
0.551367
0.457531
0.412557
0.519978
0.665581
0.500805
0.390273
0.565535
0.394999
0.571927
0.379192
0.469318
0.400393
0.624015
0.469759
0.450124
0.388911
0.698017
0.559416
0.451148
0.632400
0.403985
0.404670
0.586075
0.434479
0.524410
0.524228
0.683220
0.508265
0.638880
0.447302
0.457780
0.396251
0.549406
0.405458
0.597482
0.473071
0.560180
0.496010
0.678534
0.445594
0.543317
0.373963
0.502245
0.367141
0.440923
0.514422
0.404494
0.441807
0.473642
0.531936
0.494691
0.453862
0.571734
0.521556
0.467291
0.488003
0.464306
0.578760
0.565827
0.459221
0.501456
0.544148
0.607536
0.542499
0.498340
0.462832
0.573474
0.593551
0.488886
0.507757
0.452002
0.533743
0.597235
0.495769
0.509945
0.760797
0.525628
0.440913
0.523851
0.663135
0.606039
0.552022
0.535934
0.506440
0.460603
0.462463
0.332761
0.580043
0.453590
0.560202
0.490827
0.416774
0.585320
0.603277
0.508752
0.470971
0.484121
0.440357
0.488438
0.599851
0.427502
0.419110
0.576245
0.579164
0.437523
0.398808
0.550020
0.497303
0.507998
0.380038
0.506845
0.494588
0.374106
0.475844
0.456955
0.494757
0.603668
0.498631
0.402806
0.476892
0.548649
0.466102
0.572598
0.504293
0.486222
0.429139
0.506431
0.482856
0.384046
0.655486
0.507148
0.479191
0.539125
0.459816
0.420121
0.479333
0.456037
0.560270
0.413023
0.572359
0.426653
0.540154
0.407382
0.647498
0.608060
0.357756
0.581507
0.378719
0.544786
0.520261
0.443224
0.496145
0.482846
0.598252
0.578755
0.496495
0.501466
0.461258
0.367491
0.507221
0.566336
0.371648
0.438665
0.485448
0.714906
0.527353
0.549613
0.543788
0.414952
0.373627
0.454774
0.672357
0.362202
0.492415
0.441720
0.480530
0.338582
0.378104
0.356263
0.531537
0.344725
0.465799
0.627622
0.437097
0.502150
0.492197
0.426115
0.410872
0.469689
0.593758
0.498867
0.562428
0.512918
0.475826
0.345331
0.413427
0.360061
0.269621
0.363308
0.427312
0.414552
0.565869
0.551333
0.588629
0.355538
0.404335
0.409632
0.392809
0.396177
0.403259
0.357392
0.393538
0.504387
0.572326
0.388809
0.465064
0.358511
0.357298
0.392541
0.380033
0.436652
0.414676
0.623971
0.509017
0.472691
0.437808
0.494543
0.428289
0.443209
0.439921
0.456337
0.435107
0.421944
0.570172
0.489068
0.474998
0.458274
0.401043
0.467576
0.367233
0.340636
0.444845
0.431951
0.403512
0.375539
0.364838
0.622239
0.411767
0.405125
0.474581
0.646913
0.448204
0.638940
0.508260
0.582104
0.585897
0.403595
0.538486
0.485406
0.415027
0.536431
0.497369
0.530969
0.449490
0.644599
0.426514
0.618758
0.547099
0.583379
0.497347
0.383140
0.450212
0.587122
0.609974
0.492258
0.378056
0.479092
0.327031
0.602569
0.554818
0.410168
0.424944
0.487188
0.359413
0.565847
0.468792
0.441085
0.566465
0.349945
0.480666
0.540028
0.406412
0.578577
0.476708
0.487151
0.407949
0.465992
0.422791
0.405778
0.660294
0.501866
0.419879
0.465947
0.554925
0.393890
0.463887
0.370503
0.414785
0.408336
0.471553
0.569369
0.327227
0.376470
0.340004
0.362006
0.331367
0.472790
0.494208
0.414700
0.486438
0.470539
0.399510
0.528672
0.505467
0.537790
0.395201
0.493894
0.488249
0.393524
0.431873
0.359467
0.591986
0.363678
0.779413
0.565279
0.405006
0.508928
0.504933
0.331949
0.409113
0.537655
0.605991
0.447446
0.412278
0.593742
0.453514
0.605722
0.403327
0.520319
0.489882
0.480724
0.455525
0.329498
0.455994
0.580710
0.625148
0.473497
0.468303
0.528435
0.630699
0.508185
0.489860
0.527760
0.576688
0.415840
0.420990
0.558832
0.364789
0.493268
0.557704
0.606875
0.451878
0.476717
0.360917
0.331133
0.531786
0.561337
0.518868
0.483262
0.505229
0.399657
0.592755
0.427466
0.599858
0.379003
0.477964
0.380898
0.335408
0.398685
0.317829
0.343034
0.445361
0.350527
0.412889
0.550414
0.446669
0.406643
0.408063
0.414563
0.589947
0.506796
0.361905
0.634987
0.470300
0.547031
0.445242
0.568380
0.584054
0.508607
0.514359
0.447015
0.463680
0.438152
0.426090
0.541396
0.481055
0.606503
0.601158
0.526991
0.500220
0.474756
0.361226
0.409026
0.590719
0.464523
0.541827
0.404108
0.441843
0.403067
0.430578
0.458687
0.477631
0.403251
0.574215
0.567535
0.517219
0.467046
0.408202
0.546416
0.537092
0.709894
0.355508
0.414683
0.477944
0.627542
0.502473
0.411783
0.545915
0.419605
0.405642
0.563315
0.520817
0.592700
0.498374
0.444880
0.520590
0.525766
0.919199
0.443597
0.372794
0.756397
0.405783
0.418208
0.547012
0.545750
0.358414
0.535053
0.391519
0.455196
0.522008
0.385631
0.488054
0.544959
0.562797
0.397725
0.390969
0.358164
0.477491
0.417430
0.515048
0.551260
0.429300
0.341207
0.485653
0.612415
0.556982
0.468185
0.413664
0.397747
0.533875
0.442585
0.683119
0.406342
0.526434
0.528230
0.594242
0.315500
0.537794
0.505984
0.685630
0.499706
0.575480
0.528632
0.468352
0.488015
0.609853
0.510735
0.572085
0.503529
0.493930
0.462745
0.536609
0.561857
0.471985
0.456191
0.503194
0.447469
0.484798
0.470421
0.444531
0.497183
0.396716
0.665636
0.484959
0.384580
0.415829
0.495520
0.465308
0.529362
0.457664
0.491306
0.366497
0.514260
0.406507
0.433007
0.539062
0.469309
0.470509
0.365933
0.616954
0.408885
0.430539
0.529661
0.460984
0.693455
0.459480
0.603812
0.530398
0.444523
0.372680
0.507153
0.401298
0.584400
0.531051
0.488992
0.531430
0.411987
0.404751
0.440710
0.506963
0.451593
0.619653
0.488652
0.553201
0.448606
0.395811
0.584295
0.384484
0.469155
0.287492
0.353236
0.426972
0.522749
0.482241
0.433690
0.372572
0.407287
0.291705
0.422732
0.438133
0.501087
0.340546
0.585729
0.389794
0.613994
0.287137
0.477406
0.311629
0.391124
0.430769
0.378900
0.397772
0.386982
0.404232
0.466396
0.422687
0.645548
0.449534
0.390896
0.388853
0.531605
0.486189
0.405939
0.365223
0.429140
0.379743
0.480089
0.485130
0.298628
0.514836
0.661338
0.436128
0.485795
0.455407
0.307190
0.425296
0.585000
0.334633
0.478969
0.534694
0.408793
0.421708
0.541188
0.697290
0.484682
0.456767
0.375067
0.451614
0.417408
0.391712
0.493152
0.417908
0.430396
0.515119
0.481442
0.423325
0.377045
0.432500
0.349657
0.387373
0.427706
0.410564
0.353432
0.476857
0.673509
0.435624
0.503904
0.308070
0.550461
0.516747
0.357718
0.430903
0.599137
0.546102
0.387060
0.312881
0.512637
0.430779
0.449151
0.670887
0.396529
0.486892
0.480304
0.490303
0.493156
0.542849
0.445155
0.497040
0.465095
0.426174
0.480630
0.498021
0.447773
0.364502
0.461574
0.362195
0.456273
0.331837
0.399714
0.440548
0.471113
0.350378
0.450944
0.628277
0.302205
0.427662
0.440619
0.429695
0.577705
0.416701
0.391533
0.384728
0.374797
0.469089
0.376904
0.417038
0.290942
0.567400
0.525167
0.718910
0.325621
0.471483
0.539965
0.528927
0.387436
0.270306
0.465051
0.422073
0.385793
0.482292
0.378253
0.515722
0.514783
0.431182
0.364329
0.363322
0.661770
0.440556
0.269361
0.494938
0.447952
0.343690
0.415963
0.461648
0.458249
0.302062
0.330688
0.507006
0.398973
0.453852
0.521698
0.401868
0.546247
0.540458
0.451441
0.533929
0.413710
0.462582
0.406595
0.273961
0.402230
0.642902
0.583817
0.652129
0.493352
0.360954
0.510422
0.409108
0.359058
0.399130
0.466920
0.494929
0.517555
0.410659
0.394972
0.472313
0.393250
0.366315
0.444290
0.490430
0.424420
0.481591
0.555862
0.549757
0.360150
0.483397
0.447242
0.455726
0.324943
0.327763
0.513682
0.429689
0.322796
0.376387
0.633189
0.258101
0.478954
0.424030
0.401781
0.386275
0.473841
0.332099
0.334084
0.430504
0.504370
0.497761
0.386253
0.422784
0.414384
0.579776
0.676915
0.479800
0.395724
0.429055
0.445603
0.577374
0.571046
0.415264
0.439660
0.470131
0.565350
0.419104
0.468495
0.402238
0.497448
0.463182
0.394612
0.406138
0.439122
0.364529
0.315667
0.457719
0.448863
0.583138
0.521368
0.305671
0.279886
0.382344
0.539654
0.427545
0.422924
0.362794
0.420187
0.485950
0.599320
0.314347
0.476302
0.324681
0.396545
0.478630
0.346707
0.482088
0.458610
0.490905
0.406704
0.338178
0.337257
0.326539
0.330647
0.440382
0.358390
0.487740
0.397376
0.495782
0.449756
0.342328
0.369041
0.408780
0.395790
0.486266
0.496796
0.460518
0.509611
0.419736
0.409729
0.330886
0.471702
0.396713
0.427864
0.462053
0.364132
0.414976
0.528036
0.394443
0.487904
0.507060
0.280044
0.381316
0.278434
0.349073
0.486129
0.299554
0.416804
0.466945
0.530512
0.455439
0.602894
0.521588
0.402071
0.537533
0.298858
0.297473
0.491944
0.502877
0.481400
0.351861
0.427481
0.525311
0.569064
0.335196
0.500472
0.277199
0.481522
0.504083
0.447919
0.461776
0.517115
0.399531
0.440877
0.391330
0.577150
0.329010
0.323295
0.330635
0.478028
0.474086
0.507950
0.286781
0.286644
0.540236
0.441633
0.513252
0.453332
0.368624
0.469807
0.402761
0.342016
0.556305
0.479095
0.455734
0.236653
0.365956
0.428055
0.492581
0.314979
0.512040
0.406122
0.413838
0.400183
0.346293
0.395312
0.459028
0.391769
0.512431
0.352731
0.617931
0.346740
0.358691
0.535942
0.623986
0.491191
0.520866
0.510803
0.444794
0.477960
0.368666
0.595984
0.357889
0.408639
0.419532
0.406736
0.411750
0.431403
0.364627
0.457626
0.590992
0.543666
0.530613
0.426586
0.506942
0.380496
0.516538
0.383135
0.378604
0.314224
0.516508
0.516041
0.317695
0.349514
0.424486
0.476597
0.463588
0.419330
0.539965
0.405934
0.408030
0.432988
0.517749
0.336176
0.340310
0.289107
0.329921
0.462340
0.371505
0.501135
0.365829
0.610330
0.369545
0.394132
0.564368
0.300939
0.393666
0.275342
0.420365
0.452616
0.354973
0.503896
0.342153
0.430079
0.357826
0.520997
0.382802
0.319044
0.318058
0.422099
0.326836
0.292295
0.517571
0.247147
0.354307
0.479536
0.316714
0.515109
0.495400
0.433423
0.437911
0.358834
0.429356
0.351423
0.363183
0.395061
0.305753
0.376648
0.342517
0.382763
0.428550
0.356173
0.428313
0.269112
0.445601
0.275256
0.293355
0.591878
0.453506
0.312746
0.383211
0.406745
0.232082
0.481772
0.297744
0.438673
0.404609
0.486313
0.424604
0.413736
0.560898
0.564351
0.424862
0.386145
0.305921
0.322946
0.542976
0.442629
0.357848
0.457235
0.418755
0.435447
0.506753
0.495882
0.330605
0.402248
0.404253
0.430151
0.455015
0.433895
0.417731
0.529456
0.352262
0.442095
0.397346
0.483252
0.525582
0.337626
0.388405
0.266807
0.344986
0.496068
0.413772
0.466241
0.424554
0.504215
0.348936
0.380073
0.454444
0.232185
0.459268
0.375028
0.422562
0.462680
0.391062
0.269565
0.263518
0.344156
0.435543
0.378057
0.290407
0.327724
0.394373
0.390972
0.372671
0.345118
0.394145
0.340022
0.541364
0.343950
0.256534
0.376272
0.479992
0.293341
0.482092
0.323615
0.370201
0.402036
0.314331
0.336437
0.711069
0.395157
0.402147
0.543265
0.482703
0.443624
0.495726
0.397692
0.523214
0.557431
0.417488
0.396264
0.407062
0.431366
0.398823
0.400433
0.524781
0.515495
0.428437
0.387617
0.472373
0.467845
0.403843
0.379455
0.349479
0.421136
0.427380
0.337482
0.466642
0.460763
0.441368
0.340887
0.327969
0.553295
0.323444
0.354809
0.436142
0.533455
0.490924
0.380848
0.381554
0.363154
0.411519
0.411712
0.273271
0.858843
0.359514
0.406821
0.397537
0.483270
0.409090
0.360887
0.276702
0.473714
0.342064
0.630567
0.469356
0.421726
0.562004
0.388420
0.455939
0.644825
0.415722
0.335947
0.319234
0.382601
0.322797
0.293734
0.412810
0.403516
0.355970
0.457450
0.327772
0.410536
0.477844
0.591263
0.481600
0.409881
0.414275
0.392302
0.414822
0.676082
0.423167
0.321835
0.535710
0.334891
0.309997
0.402426
0.446481
0.568241
0.418556
0.392615
0.431805
0.213148
0.307159
0.456609
0.345929
0.355771
0.454253
0.336711
0.417492
0.485656
0.287146
0.420652
0.292259
0.418620
0.275445
0.337326
0.420465
0.416287
0.522649
0.390679
0.420325
0.355367
0.344176
0.603167
0.349864
0.341147
0.441294
0.342331
0.477284
0.376447
0.310325
0.491951
0.435017
0.268283
0.281119
0.408523
0.311034
0.414656
0.365912
0.391780
0.342776
0.323913
0.399386
0.394082
0.541398
0.366223
0.348323
0.340592
0.438005
0.358756
0.509665
0.327303
0.631338
0.524017
0.421802
0.489503
0.362239
0.393030
0.305312
0.489780
0.539906
0.419423
0.396623
0.287416
0.515195
0.457115
0.479017
0.670637
0.406671
0.409687
0.281194
0.429981
0.557925
0.344868
0.382237
0.336873
0.393989
0.310182
0.367685
0.306692
0.445202
0.485104
0.419202
0.402348
0.360680
0.297438
0.443850
0.425074
0.370049
0.461082
0.262049
0.431508
0.397338
0.220144
0.384117
0.350529
0.335675
0.549107
0.280891
0.462240
0.358006
0.360795
0.431384
0.418374
0.363655
0.445120
0.422058
0.436505
0.345950
0.470099
0.359024
0.419168
0.326872
0.395220
0.528232
0.320030
0.348339
0.295899
0.324417
0.363663
0.445282
0.344982
0.396696
0.371643
0.279715
0.373727
0.413070
0.403369
0.467012
0.386296
0.270058
0.510722
0.482336
0.417827
0.342680
0.358638
0.397734
0.538727
0.386202
0.331411
0.417604
0.297551
0.319976
0.399990
0.352946
0.321279
0.352603
0.257472
0.389991
0.491056
0.409654
0.278209
0.350790
0.421324
0.400072
0.427276
0.308739
0.311262
0.465035
0.367115
0.368220
0.312107
0.353415
0.313609
0.409987
0.385433
0.261084
0.332208
0.406983
0.356695
0.460604
0.316018
0.297937
0.404080
0.694616
0.420367
0.424276
0.442926
0.458462
0.335355
0.386069
0.256034
0.358425
0.438476
0.422957
0.432297
0.326282
0.227115
0.250273
0.245715
0.530131
0.344599
0.433858
0.311325
0.502119
0.346437
0.414897
0.323819
0.384339
0.465060
0.240143
0.427910
0.426161
0.438493
0.410184
0.454690
0.387814
0.426515
0.216563
0.559315
0.403216
0.327444
0.374458
0.329170
0.353655
0.374224
0.397644
0.550662
0.459468
0.372060
0.406520
0.321012
0.482814
0.403268
0.527932
0.270152
0.422142
0.410318
0.397815
0.453232
0.302193
0.457069
0.362511
0.458586
0.406424
0.409581
0.349813
0.338981
0.440915
0.294291
0.344554
0.334623
0.458299
0.487699
0.312376
0.274681
0.424009
0.288369
0.478580
0.530927
0.295013
0.353503
0.544984
0.310333
0.498004
0.386863
0.458513
0.365774
0.405315
0.508188
0.296782
0.531734
0.228177
0.428226
0.405774
0.359190
0.424929
0.443206
0.321327
0.371574
0.308467
0.265606
0.524752
0.454482
0.275260
0.244129
0.417449
0.365676
0.586010
0.388437
0.305670
0.502408
0.347735
0.324662
0.484620
0.316810
0.323224
0.449397
0.390100
0.308923
0.316595
0.424516
0.445560
0.480504
0.264683
0.452949
0.377668
0.355342
0.417865
0.535749
0.433171
0.650389
0.419520
0.400479
0.430965
0.371512
0.301376
0.407041
0.545195
0.399803
0.349450
0.345570
0.298828
0.370453
0.340616
0.290745
0.373038
0.346862
0.412895
0.367237
0.394263
0.322659
0.310556
0.345083
0.327746
0.339509
0.260572
0.292189
0.410714
0.244403
0.368620
0.365381
0.359779
0.550453
0.368351
0.307685
0.387501
0.354358
0.347268
0.440101
0.460769
0.506061
0.448367
0.447255
0.247959
0.386848
0.310389
0.391041
0.367555
0.439411
0.315996
0.342446
0.386706
0.327451
0.418342
0.554348
0.419860
0.432827
0.275509
0.372155
0.408691
0.406509
0.331870
0.444643
0.407628
0.344090
0.362568
0.410743
0.352677
0.314922
0.374412
0.465560
0.349231
0.385803
0.307339
0.423921
0.307510
0.409112
0.294715
0.326367
0.358998
0.260841
0.360137
0.286483
0.356067
0.331731
0.468427
0.488763
0.305975
0.369340
0.318107
0.419101
0.538193
0.340407
0.326520
0.420969
0.232168
0.436103
0.255113
0.343555
0.346171
0.387284
0.433959
0.314833
0.383859
0.445716
0.287466
0.367807
0.516939
0.367345
0.402913
0.522854
0.419793
0.280054
0.461780
0.452062
0.333669
0.227178
0.191413
0.490220
0.310345
0.291029
0.381147
0.394312
0.511008
0.245099
0.337239
0.438430
0.510670
0.488537
0.270168
0.329037
0.432640
0.392127
0.279028
0.521076
0.243933
0.477597
0.489382
0.511262
0.410362
0.327028
0.400611
0.468062
0.520273
0.472761
0.376088
0.490561
0.282503
0.610616
0.580971
0.292281
0.297825
0.306095
0.341620
0.547336
0.457850
0.409796
0.364086
0.449708
0.347854
0.430382
0.363046
0.535096
0.416925
0.552686
0.382529
0.511176
0.472877
0.319883
0.279058
0.282045
0.511991
0.311651
0.384327
0.356368
0.483597
0.356199
0.323155
0.281698
0.249386
0.429116
0.532629
0.367430
0.406285
0.309689
0.406659
0.397592
0.336150
0.464691
0.405021
0.308666
0.307694
0.351155
0.355853
0.409697
0.385264
0.323951
0.342084
0.279678
0.272189
0.292513
0.311878
0.328278
0.449041
0.416815
0.337351
0.438042
0.475567
0.383528
0.335663
0.306677
0.373795
0.428545
0.448852
0.276788
0.333613
0.274032
0.416021
0.462164
0.398297
0.320112
0.450954
0.516688
0.308590
0.295549
0.517442
0.337436
0.456079
0.698595
0.396607
0.321981
0.297631
0.305948
0.286438
0.423678
0.399293
0.413191
0.322811
0.396526
0.274168
0.371984
0.316797
0.380833
0.279741
0.251713
0.294930
0.394880
0.500990
0.310540
0.298142
0.374427
0.256136
0.295521
0.278008
0.376958
0.255527
0.425121
0.313342
0.312196
0.429906
0.237418
0.381763
0.244518
0.189547
0.334906
0.217726
0.320414
0.297824
0.245123
0.320890
0.560787
0.382564
0.316334
0.319821
0.321506
0.369250
0.517360
0.195821
0.317881
0.427302
0.395365
0.349811
0.421355
0.467739
0.298037
0.342088
0.454112
0.458432
0.326203
0.430690
0.384150
0.259704
0.488032
0.406103
0.409264
0.569225
0.388280
0.366448
0.313626
0.372033
0.396546
0.342651
0.500698
0.326828
0.316746
0.337204
0.245903
0.435644
0.355662
0.332965
0.247617
0.387655
0.400277
0.229743
0.506915
0.458929
0.487233
0.259395
0.390805
0.357915
0.280792
0.446227
0.354217
0.320952
0.440604
0.271680
0.285906
0.282887
0.359207
0.343974
0.321069
0.400662
0.284322
0.344060
0.324794
0.350243
0.250909
0.403713
0.473026
0.421380
0.349945
0.206010
0.320556
0.265196
0.350804
0.365322
0.266630
0.320102
0.359709
0.265774
0.368176
0.407252
0.327378
0.336431
0.260858
0.345347
0.270773
0.430112
0.294427
0.294768
0.252961
0.451818
0.466146
0.296039
0.443624
0.416567
0.433809
0.586062
0.311271
0.277639
0.330207
0.399126
0.447847
0.393409
0.209506
0.405460
0.373643
0.329084
0.392301
0.313249
0.385726
0.298265
0.310478
0.527284
0.411641
0.393639
0.444574
0.346802
0.428378
0.376248
0.460567
0.399993
0.392371
0.319774
0.372228
0.363221
0.410187
0.264033
0.278310
0.444458
0.353744
0.382173
0.503424
0.472301
0.452238
0.265831
0.264224
0.385190
0.294263
0.450309
0.331973
0.271938
0.396518
0.449908
0.418318
0.464057
0.428055
0.350187
0.325339
0.354486
0.255573
0.341654
0.516948
0.509457
0.334864
0.312636
0.332912
0.457118
0.265660
0.370887
0.316474
0.401109
0.449734
0.321386
0.359606
0.371802
0.326329
0.350866
0.372918
0.310373
0.396885
0.267728
0.381743
0.230612
0.377970
0.302019
0.287828
0.288119
0.278789
0.340510
0.329365
0.218374
0.367791
0.215043
0.448723
0.397426
0.324919
0.376905
0.414019
0.312701
0.366854
0.220204
0.365182
0.427508
0.446858
0.370410
0.405210
0.486309
0.405366
0.319018
0.371698
0.389060
0.415536
0.324364
0.427734
0.619112
0.544951
0.391040
0.251024
0.513774
0.350948
0.389385
0.436313
0.383852
0.395865
0.286867
0.396926
0.405517
0.290169
0.341543
0.328204
0.399318
0.332692
0.337168
0.409322
0.458734
0.254803
0.411910
0.500628
0.267690
0.472344
0.480520
0.297805
0.347989
0.398148
0.295717
0.385565
0.357862
0.357240
0.427495
0.467656
0.305383
0.424805
0.460268
0.399017
0.340822
0.267154
0.303663
0.415218
0.525868
0.407745
0.402212
0.413375
0.405166
0.389671
0.476730
0.399017
0.208239
0.315791
0.389714
0.274496
0.371253
0.360189
0.349537
0.321967
0.347386
0.414410
0.357752
0.290064
0.351398
0.372004
0.377811
0.390544
0.413449
0.173478
0.437619
0.422011
0.477348
0.302604
0.412614
0.208329
0.451707
0.406567
0.314684
0.434518
0.283530
0.222447
0.328139
0.300652
0.310171
0.367281
0.290034
0.306178
0.410214
0.249779
0.363431
0.372963
0.351345
0.353885
0.241223
0.605634
0.466696
0.516467
0.383415
0.307541
0.397133
0.464216
0.371189
0.313825
0.384156
0.301195
0.392214
0.436053
0.439842
0.314824
0.391246
0.343106
0.419841
0.231295
0.339012
0.323885
0.311909
0.403960
0.447189
0.410973
0.328424
0.408132
0.277335
0.257317
0.381629
0.439992
0.276773
0.352313
0.224810
0.403526
0.325247
0.431102
0.503769
0.368255
0.315794
0.341105
0.385582
0.398464
0.316094
0.408262
0.384598
0.392982
0.295151
0.392099
0.378502
0.263740
0.342523
0.203664
0.444300
0.382003
0.286312
0.361877
0.246848
0.333334
0.372054
0.333942
0.270384
0.385760
0.404350
0.315318
0.339985
0.283413
0.269532
0.278810
0.371898
0.372948
0.528055
0.311526
0.368306
0.326534
0.263626
0.271853
0.299883
0.378335
0.223553
0.267829
0.279208
0.401856
0.351515
0.421304
0.380242
0.322164
0.274373
0.375381
0.345421
0.228492
0.282334
0.264736
0.244263
0.261252
0.271952
0.194341
0.315711
0.493206
0.262033
0.388635
0.335537
0.303298
0.289565
0.322143
0.399050
0.228455
0.353321
0.292618
0.272426
0.371524
0.391099
0.305477
0.255280
0.439580
0.225284
0.222894
0.274425
0.239871
0.295521
0.345123
0.437285
0.250081
0.420392
0.289428
0.370424
0.449957
0.412663
0.427931
0.399220
0.416402
0.411108
0.316999
0.456864
0.329363
0.315308
0.345761
0.292448
0.316886
0.293983
0.366529
0.429925
0.281986
0.468240
0.313180
0.324854
0.297043
0.433771
0.410582
0.333825
0.434252
0.333832
0.451451
0.462528
0.383477
0.241552
0.350979
0.236439
0.374495
0.287711
0.339565
0.215577
0.204097
0.432878
0.201132
0.418791
0.453097
0.262947
0.357863
0.238932
0.354073
0.268669
0.498717
0.312281
0.281652
0.470351
0.436010
0.556839
0.261929
0.345067
0.319000
0.332331
0.368403
0.266108
0.331775
0.327765
0.354201
0.480276
0.361047
0.318130
0.296893
0.320076
0.287209
0.328047
0.305516
0.364846
0.463435
0.403129
0.260162
0.289588
0.288887
0.308108
0.373543
0.262960
0.252143
0.260339
0.612164
0.257218
0.285390
0.260356
0.301347
0.204375
0.558865
0.318246
0.363349
0.449817
0.380369
0.442160
0.413365
0.425608
0.387046
0.356855
0.339677
0.307748
0.317139
0.310440
0.430506
0.401198
0.213809
0.344774
0.326323
0.266989
0.290489
0.365074
0.287010
0.331862
0.304939
0.295884
0.399003
0.307211
0.311321
0.377565
0.341035
0.271742
0.341089
0.269260
0.289446
0.502775
0.386017
0.367264
0.388546
0.325424
0.342449
0.284722
0.367406
0.349212
0.444703
0.387748
0.311838
0.265223
0.488675
0.356397
0.290495
0.366019
0.339258
0.336957
0.371897
0.312238
0.244283
0.391207
0.339768
0.249765
0.304496
0.351238
0.418274
0.279708
0.229433
0.469659
0.292638
0.253455
0.343673
0.394948
0.331837
0.325332
0.287439
0.333503
0.374072
0.415608
0.342036
0.301788
0.309685
0.534776
0.281043
0.498413
0.223754
0.321170
0.272761
0.246054
0.399099
0.255581
0.513138
0.411023
0.387015
0.433791
0.412177
0.480784
0.482729
0.252887
0.218939
0.472416
0.357635
0.329533
0.288193
0.320668
0.433046
0.382300
0.334502
0.305410
0.309751
0.293658
0.290480
0.274398
0.343920
0.394052
0.350204
0.477994
0.358291
0.476898
0.265813
0.240215
0.309385
0.409094
0.420706
0.306013
0.287473
0.376776
0.252528
0.305907
0.346895
0.228329
0.355789
0.367532
0.280136
0.226967
0.312941
0.264577
0.210634
0.229875
0.209815
0.280371
0.304661
0.397926
0.380225
0.331620
0.262592
0.232751
0.259731
0.215075
0.350738
0.224942
0.335080
0.449498
0.392170
0.336515
0.322572
0.341353
0.325391
0.483798
0.177543
0.412869
0.241824
0.299783
0.367209
0.305740
0.374224
0.322767
0.271167
0.325199
0.428077
0.289138
0.355950
0.272575
0.272548
0.305382
0.276934
0.357060
0.352150
0.380981
0.391291
0.252202
0.347732
0.376994
0.408682
0.309603
0.299079
0.496871
0.294216
0.501572
0.248449
0.381930
0.395865
0.205839
0.377782
0.302933
0.393542
0.335198
0.495759
0.469318
0.309621
0.367495
0.400862
0.444385
0.326986
0.340516
0.420566
0.380096
0.219444
0.395754
0.236929
0.297619
0.214968
0.312301
0.356776
0.347784
0.220357
0.461036
0.418110
0.314965
0.213517
0.320697
0.292373
0.270870
0.235412
0.318391
0.362010
0.323582
0.256501
0.321725
0.257006
0.276471
0.322324
0.299272
0.232241
0.383694
0.313609
0.253934
0.148277
0.261636
0.245783
0.342833
0.236973
0.294010
0.411240
0.265882
0.319321
0.367680
0.305379
0.396443
0.422374
0.322700
0.213083
0.309313
0.214316
0.310008
0.238931
0.352327
0.282214
0.260677
0.356984
0.254250
0.287563
0.288658
0.341519
0.533683
0.269513
0.289235
0.221006
0.314400
0.295995
0.305695
0.397446
0.421124
0.244109
0.477242
0.321952
0.292128
0.310542
0.298386
0.311229
0.199393
0.316077
0.412701
0.403452
0.217711
0.353145
0.396155
0.352813
0.323016
0.228139
0.465158
0.189194
0.280147
0.296819
0.185470
0.415193
0.265342
0.324047
0.242501
0.476419
0.403563
0.278216
0.200870
0.434022
0.221111
0.386521
0.323690
0.342888
0.275990
0.294115
0.327011
0.417567
0.390453
0.422329
0.274303
0.319167
0.363541
0.355140
0.281455
0.322114
0.313669
0.254959
0.355791
0.371524
0.295668
0.318538
0.273229
0.216074
0.281525
0.321852
0.388897
0.358347
0.255425
0.270470
0.375758
0.227797
0.284535
0.406325
0.206593
0.239458
0.289723
0.346446
0.349434
0.373424
0.384606
0.254056
0.411901
0.214523
0.281714
0.315398
0.215941
0.155240
0.279818
0.336677
0.325754
0.414802
0.243902
0.394941
0.231210
0.334133
0.317932
0.362668
0.284986
0.193051
0.359347
0.313405
0.257022
0.215643
0.234760
0.132137
0.227675
0.318732
0.274606
0.307856
0.252045
0.269148
0.228872
0.271391
0.259717
0.310488
0.283362
0.404201
0.325181
0.341622
0.288520
0.586739
0.307311
0.331723
0.203592
0.307375
0.329048
0.256938
0.349326
0.274249
0.266698
0.370274
0.391066
0.313878
0.256849
0.268005
0.307734
0.382252
0.342265
0.266358
0.219138
0.307648
0.399306
0.236921
0.400451
0.234977
0.278656
0.279120
0.230712
0.197750
0.295395
0.371655
0.212485
0.199941
0.299660
0.239415
0.220803
0.319110
0.198612
0.316610
0.355872
0.390734
0.412453
0.311907
0.372745
0.391037
0.316769
0.254241
0.359118
0.401657
0.396518
0.305576
0.467511
0.313873
0.333440
0.323084
0.267726
0.279144
0.359535
0.252558
0.298114
0.407333
0.313704
0.185085
0.206695
0.346584
0.390503
0.232461
0.280099
0.225497
0.429788
0.326038
0.345151
0.194656
0.288320
0.243537
0.351527
0.319188
0.378363
0.262208
0.310291
0.343049
0.164805
0.256191
0.294262
0.202076
0.293063
0.336483
0.275190
0.233243
0.320981
0.216685
0.330826
0.298258
0.324071
0.280899
0.347170
0.365907
0.203077
0.242376
0.223388
0.311639
0.241416
0.209312
0.460450
0.219898
0.236149
0.347883
0.289499
0.220206
0.459334
0.379998
0.148331
0.174387
0.316203
0.375226
0.360783
0.305908
0.255507
0.471693
0.262823
0.299455
0.271325
0.405898
0.356102
0.326259
0.286886
0.263340
0.412278
0.385358
0.272343
0.315352
0.273482
0.238879
0.204813
0.244265
0.344913
0.270978
0.234681
0.233938
0.206796
0.338880
0.555981
0.408634
0.480917
0.218068
0.468977
0.351099
0.303852
0.339508
0.348997
0.306172
0.357011
0.358684
0.534196
0.416068
0.227562
0.466817
0.281172
0.217741
0.186812
0.332572
0.233775
0.254548
0.297864
0.318940
0.361954
0.298844
0.341671
0.435890
0.349578
0.274634
0.386874
0.340925
0.392414
0.341702
0.395842
0.222253
0.311144
0.388222
0.295671
0.288490
0.296947
0.254091
0.347817
0.243210
0.418264
0.263341
0.389968
0.373771
0.310129
0.251656
0.322068
0.386122
0.339265
0.248469
0.285501
0.282792
0.467481
0.361172
0.400291
0.305360
0.177181
0.220359
0.281264
0.300183
0.441878
0.467021
0.365104
0.351826
0.369709
0.423580
0.284566
0.324484
0.275877
0.361800
0.326976
0.309984
0.234360
0.295987
0.373502
0.408823
0.430052
0.372129
0.348244
0.424809
0.405508
0.351408
0.341896
0.424793
0.348246
0.350270
0.146954
0.213209
0.408732
0.298939
0.321350
0.379257
0.550717
0.280188
0.284588
0.366846
0.258420
0.208133
0.271853
0.224128
0.415217
0.239794
0.274914
0.229817
0.346642
0.182113
0.205268
0.326286
0.338610
0.349010
0.224960
0.174535
0.385069
0.316370
0.282317
0.295030
0.285343
0.382885
0.372587
0.247410
0.378061
0.169758
0.173483
0.302616
0.394140
0.194680
0.201652
0.229870
0.202350
0.254155
0.237640
0.317723
0.237076
0.339732
0.455372
0.257837
0.262315
0.275632
0.241224
0.271671
0.255462
0.382757
0.250285
0.307167
0.226406
0.291177
0.227099
0.227995
0.340197
0.367128
0.166477
0.220178
0.315237
0.250227
0.264945
0.230820
0.285347
0.273187
0.290807
0.379154
0.319086
0.307461
0.254254
0.319046
0.357399
0.181928
0.368157
0.377891
0.256348
0.318315
0.397201
0.387217
0.205147
0.339396
0.219835
0.367666
0.267083
0.388334
0.236840
0.361870
0.292083
0.250473
0.300159
0.290419
0.291655
0.308286
0.256834
0.321847
0.363148
0.292032
0.318885
0.246457
0.311114
0.182241
0.366649
0.364421
0.246589
0.156409
0.356473
0.342886
0.201303
0.403993
0.270746
0.260177
0.222814
0.282703
0.265756
0.365177
0.272802
0.386653
0.295637
0.349191
0.213364
0.371014
0.248978
0.252642
0.270107
0.208952
0.246798
0.235271
0.227195
0.282444
0.269507
0.413033
0.306048
0.345506
0.203585
0.266599
0.323642
0.386789
0.207313
0.300954
0.280703
0.233992
0.216946
0.366716
0.333006
0.355929
0.289485
0.351369
0.319227
0.252470
0.471352
0.245429
0.342859
0.325566
0.240624
0.192326
0.297063
0.192705
0.229147
0.406433
0.499950
0.345254
0.326666
0.270344
0.383176
0.251997
0.225911
0.445839
0.240474
0.405135
0.223192
0.320417
0.322986
0.307856
0.389781
0.244945
0.270878
0.252060
0.412833
0.300216
0.291274
0.333165
0.246116
0.360392
0.258347
0.354269
0.209034
0.344773
0.371505
0.178896
0.191951
0.225373
0.359853
0.251907
0.345169
0.179938
0.247714
0.211042
0.204667
0.355759
0.236653
0.367267
0.321896
0.384997
0.254107
0.288638
0.200086
0.288183
0.328134
0.274951
0.244097
0.323465
0.266416
0.517763
0.330512
0.304473
0.407191
0.356337
0.233172
0.186936
0.318279
0.289955
0.286256
0.241410
0.252810
0.305290
0.243146
0.259951
0.319911
0.285289
0.278603
0.280848
0.208442
0.324761
0.245965
0.207302
0.414345
0.277520
0.244073
0.408507
0.279389
0.320635
0.234354
0.261326
0.376216
0.253667
0.315382
0.384713
0.302357
0.441077
0.371300
0.236673
0.311775
0.327975
0.252601
0.359760
0.227975
0.226558
0.348046
0.397614
0.496275
0.266844
0.169076
0.303613
0.269501
0.381913
0.290172
0.418016
0.461609
0.262286
0.288961
0.347813
0.322429
0.161894
0.332810
0.351081
0.365798
0.299706
0.384936
0.182111
0.300675
0.202519
0.384260
0.303529
0.231215
0.353303
0.354569
0.479504
0.336049
0.393638
0.232029
0.378871
0.272408
0.403126
0.312186
0.343829
0.138289
0.321412
0.207742
0.464314
0.191478
0.257617
0.261827
0.324276
0.295946
0.228165
0.272966
0.304982
0.355523
0.357679
0.265937
0.310396
0.300853
0.291747
0.350927
0.217332
0.368160
0.217793
0.323659
0.424367
0.303813
0.299315
0.286435
0.302839
0.240629
0.285927
0.311813
0.241777
0.314717
0.349437
0.350590
0.297595
0.289178
0.507938
0.376092
0.322522
0.409227
0.286651
0.285419
0.416648
0.396759
0.258864
0.251168
0.289092
0.247965
0.287296
0.305334
0.427863
0.339920
0.284962
0.328187
0.395059
0.172965
0.337764
0.249821
0.310188
0.250650
0.388300
0.290010
0.307307
0.278897
0.323595
0.281665
0.315367
0.337814
0.372130
0.379813
0.354459
0.283795
0.275898
0.234495
0.349649
0.427843
0.246698
0.196678
0.279165
0.346347
0.202401
0.279303
0.413079
0.197073
0.220105
0.360106
0.266908
0.237768
0.210125
0.515212
0.282794
0.246663
0.174243
0.322203
0.395173
0.391708
0.154018
0.266529
0.272549
0.245245
0.280606
0.261975
0.261635
0.349281
0.353341
0.351154
0.322358
0.343279
0.214556
0.250296
0.329831
0.351885
0.443231
0.440442
0.316523
0.159872
0.269462
0.233817
0.206052
0.327180
0.319598
0.298068
0.286151
0.170323
0.352512
0.220586
0.232391
0.294289
0.308838
0.334469
0.171596
0.242266
0.260728
0.225666
0.245470
0.294128
0.245949
0.336732
0.310324
0.249428
0.293628
0.265572
0.212951
0.214601
0.282908
0.240495
0.203803
0.278118
0.266584
0.299502
0.386366
0.311951
0.185909
0.239861
0.319890
0.151165
0.196196
0.145735
0.236789
0.103431
0.327288
0.262734
0.217073
0.324360
0.179947
0.404614
0.251522
0.297863
0.223115
0.248277
0.360723
0.183697
0.130409
0.329941
0.187532
0.251736
0.329957
0.275105
0.391506
0.199523
0.188619
0.271697
0.232791
0.200959
0.441487
0.270060
0.232820
0.278243
0.356337
0.168850
0.314574
0.265604
0.306555
0.225133
0.218760
0.268959
0.155737
0.281096
0.282805
0.369097
0.293704
0.217936
0.151910
0.238623
0.272885
0.230157
0.323982
0.155317
0.250494
0.194986
0.315177
0.322918
0.220057
0.225481
0.336167
0.260960
0.303541
0.438875
0.268326
0.303958
0.238856
0.301797
0.381385
0.182034
0.141128
0.196703
0.269268
0.234019
0.432437
0.478778
0.258471
0.197544
0.315096
0.223390
0.268235
0.342288
0.257849
0.445667
0.214005
0.225531
0.341995
0.352501
0.312186
0.205369
0.209163
0.268026
0.340211
0.209437
0.252544
0.184840
0.272978
0.285692
0.368040
0.309158
0.234094
0.249524
0.192435
0.381292
0.183898
0.265794
0.561496
0.248853
0.253319
0.304439
0.128262
0.447290
0.222056
0.265722
0.267102
0.216969
0.399833
0.287616
0.221743
0.375345
0.364983
0.321217
0.237959
0.272531
0.355324
0.325407
0.222943
0.291758
0.242342
0.211586
0.300875
0.233177
0.279258
0.239462
0.325169
0.237306
0.316048
0.197510
0.181783
0.292972
0.220463
0.254384
0.215718
0.242483
0.250855
0.352858
0.276325
0.174455
0.365173
0.326863
0.383147
0.235639
0.276835
0.325071
0.308146
0.295563
0.329665
0.222982
0.256482
0.288265
0.234251
0.368716
0.214939
0.183402
0.423667
0.265332
0.420015
0.425820
0.252924
0.345244
0.293336
0.283023
0.255288
0.317775
0.246745
0.479879
0.282525
0.312976
0.132765
0.198882
0.320536
0.373889
0.237368
0.376476
0.323753
0.385806
0.228702
0.244282
0.281634
0.354165
0.217535
0.141176
0.254685
0.270485
0.390122
0.317771
0.259934
0.303048
0.232104
0.174685
0.321581
0.234480
0.221615
0.367376
0.291980
0.252835
0.391726
0.249024
0.257038
0.281754
0.239695
0.357834
0.335975
0.267661
0.304901
0.262245
0.234585
0.284109
0.264307
0.325698
0.204170
0.323960
0.277123
0.336944
0.205873
0.297372
0.339213
0.196426
0.304750
0.246813
0.359400
0.175839
0.426000
0.311181
0.271516
0.152797
0.325717
0.263832
0.220463
0.184258
0.232788
0.349714
0.153029
0.381125
0.264655
0.393137
0.331434
0.239195
0.233587
0.382063
0.389653
0.355080
0.184317
0.298108
0.311214
0.406936
0.247385
0.223022
0.297929
0.237821
0.225960
0.350625
0.334359
0.287277
0.227254
0.319064
0.347241
0.231310
0.265971
0.261713
0.223576
0.262494
0.256242
0.286098
0.386966
0.176973
0.248028
0.231116
0.245267
0.217202
0.307478
0.348818
0.415252
0.414010
0.258524
0.285413
0.284111
0.541696
0.204248
0.263036
0.205336
0.316635
0.379259
0.232763
0.217464
0.238653
0.158600
0.260440
0.284960
0.225126
0.246723
0.327185
0.211751
0.351515
0.213502
0.223936
0.307751
0.253968
0.202106
0.315224
0.252127
0.362597
0.145982
0.357477
0.226490
0.293679
0.160261
0.328383
0.236580
0.300179
0.186392
0.373537
0.335412
0.457016
0.236540
0.222270
0.301286
0.358992
0.171238
0.251628
0.344601
0.315427
0.300976
0.231829
0.247950
0.264522
0.247486
0.311607
0.221682
0.190907
0.248680
0.272100
0.250252
0.215798
0.177253
0.282927
0.392533
0.282809
0.228582
0.215971
0.114954
0.368377
0.253773
0.270972
0.252373
0.233573
0.255595
0.305364
0.284319
0.245947
0.327945
0.278753
0.236448
0.243978
0.210372
0.277053
0.283603
0.298568
0.245702
0.278410
0.336304
0.331151
0.355366
0.307324
0.279826
0.350727
0.253011
0.295813
0.334307
0.272364
0.292143
0.226139
0.230113
0.191635
0.243499
0.246314
0.267445
0.198960
0.367059
0.210881
0.214819
0.218808
0.198887
0.114384
0.252716
0.221396
0.352052
0.230798
0.274595
0.288636
0.292058
0.363456
0.209655
0.209783
0.194721
0.338336
0.250155
0.229918
0.182617
0.211497
0.197604
0.216837
0.295504
0.217996
0.189566
0.262301
0.219001
0.292027
0.326702
0.326467
0.213771
0.309455
0.376809
0.241315
0.305626
0.368167
0.267681
0.226423
0.198592
0.306229
0.251609
0.109200
0.277667
0.149984
0.155521
0.275595
0.264753
0.450643
0.357900
0.210831
0.291892
0.301935
0.237914
0.236930
0.244199
0.281149
0.182396
0.213215
0.154767
0.285360
0.315076
0.192482
0.168159
0.177502
0.320897
0.216374
0.215040
0.169093
0.293112
0.382638
0.407320
0.257241
0.225258
0.211296
0.229856
0.267654
0.290234
0.220111
0.151557
0.283347
0.188612
0.256916
0.298638
0.340871
0.312045
0.306153
0.362460
0.175261
0.459038
0.297175
0.296623
0.275892
0.323613
0.262197
0.292424
0.219213
0.254972
0.262493
0.213435
0.165037
0.250968
0.236894
0.322723
0.263998
0.202447
0.324529
0.176827
0.249522
0.228167
0.137890
0.206989
0.234676
0.191167
0.249397
0.353029
0.309928
0.249150
0.282008
0.451766
0.234737
0.285713
0.191644
0.209977
0.302324
0.294902
0.274505
0.278175
0.252194
0.226923
0.229528
0.147324
0.235294
0.272874
0.299993
0.325710
0.222789
0.214532
0.420549
0.279335
0.257642
0.254674
0.352018
0.368619
0.191117
0.276435
0.235925
0.243075
0.206841
0.291312
0.229736
0.211021
0.277568
0.220309
0.359983
0.265150
0.211141
0.353062
0.270320
0.267629
0.158620
0.193496
0.239115
0.231309
0.401919
0.186251
0.282922
0.281632
0.373265
0.499685
0.222161
0.422050
0.263787
0.332814
0.344047
0.338214
0.277402
0.252286
0.371470
0.324770
0.317404
0.186444
0.233294
0.313005
0.360805
0.440901
0.215225
0.275112
0.222109
0.216870
0.272946
0.196953
0.334020
0.357049
0.290795
0.335833
0.333254
0.288600
0.207575
0.282517
0.447423
0.327500
0.155686
0.199999
0.265955
0.229002
0.360103
0.309098
0.216063
0.219853
0.276442
0.214122
0.428454
0.189873
0.244009
0.228675
0.297880
0.181901
0.191785
0.290138
0.288689
0.229781
0.255960
0.316363
0.271036
0.244722
0.180130
0.139942
0.346429
0.353094
0.246247
0.258299
0.356152
0.236403
0.239564
0.185369
0.312468
0.304209
0.246701
0.306849
0.163128
0.228504
0.314717
0.342543
0.242376
0.246771
0.224840
0.230089
0.176853
0.311166
0.250816
0.227107
0.454031
0.324946
0.231451
0.186300
0.292618
0.129527
0.305777
0.265660
0.336897
0.120960
0.292883
0.183805
0.291711
0.298712
0.329659
0.181345
0.228839
0.197828
0.326718
0.154630
0.319667
0.274093
0.268426
0.211895
0.210427
0.278605
0.182834
0.187407
0.262334
0.307536
0.282789
0.290615
0.279010
0.174633
0.185034
0.270789
0.293443
0.227759
0.254041
0.297166
0.343791
0.191701
0.261253
0.246775
0.275884
0.232492
0.289625
0.200225
0.247036
0.234400
0.410055
0.355876
0.210800
0.264017
0.431221
0.289443
0.287707
0.186517
0.445789
0.293773
0.235648
0.297090
0.201668
0.302608
0.229593
0.190324
0.232775
0.243138
0.270738
0.322684
0.243135
0.362624
0.158473
0.268271
0.204767
0.175867
0.282620
0.298238
0.248156
0.205209
0.295534
0.208314
0.282194
0.141770
0.317158
0.283006
0.225193
0.160102
0.248080
0.287302
0.214051
0.193289
0.229567
0.263095
0.199089
0.288494
0.322428
0.246827
0.240580
0.208627
0.283801
0.308660
0.231574
0.392513
0.263754
0.239335
0.195380
0.238040
0.171613
0.363899
0.214654
0.189063
0.308565
0.193004
0.235251
0.094560
0.226984
0.203767
0.205169
0.208855
0.179736
0.194402
0.249271
0.241872
0.197571
0.328945
0.296854
0.229406
0.218498
0.137486
0.209133
0.241641
0.332651
0.266979
0.319422
0.213151
0.252860
0.239975
0.256733
0.255450
0.158701
0.130784
0.241531
0.252970
0.171122
0.163818
0.098255
0.250238
0.307232
0.239365
0.262744
0.195787
0.245346
0.381811
0.280410
0.440044
0.309245
0.240210
0.200494
0.275060
0.265665
0.390379
0.124475
0.217375
0.248008
0.144330
0.247444
0.289567
0.238459
0.323222
0.273724
0.168969
0.180138
0.253345
0.168448
0.257918
0.302139
0.261637
0.185346
0.233876
0.278488
0.237559
0.078936
0.386737
0.200579
0.341269
0.327299
0.237469
0.213052
0.184768
0.344249
0.096474
0.390558
0.226235
0.354201
0.278100
0.220776
0.324143
0.198104
0.224457
0.376620
0.375168
0.295101
0.278577
0.313945
0.305552
0.167147
0.285106
0.277321
0.181278
0.287947
0.219367
0.102465
0.243979
0.190512
0.149973
0.280979
0.160044
0.272602
0.314672
0.264351
0.339135
0.185970
0.151603
0.287074
0.315135
0.296106
0.334553
0.081143
0.279126
0.313261
0.331855
0.426500
0.161740
0.304649
0.245068
0.276468
0.222840
0.286196
0.253288
0.287127
0.347485
0.403923
0.317402
0.200080
0.375282
0.342527
0.298780
0.290651
0.315074
0.127753
0.203922
0.280816
0.212932
0.249004
0.172157
0.345473
0.286050
0.117269
0.304139
0.304397
0.226728
0.229790
0.232265
0.141737
0.259032
0.294649
0.324992
0.298178
0.118116
0.270694
0.238214
0.305221
0.280348
0.323180
0.285105
0.243538
0.165449
0.312509
0.119765
0.276878
0.240087
0.288119
0.159667
0.361584
0.218018
0.318434
0.266420
0.254900
0.314364
0.218812
0.239660
0.151702
0.199615
0.417876
0.306164
0.140275
0.173073
0.216289
0.216527
0.308160
0.272728
0.311602
0.209213
0.305166
0.170047
0.274710
0.193167
0.253530
0.156317
0.288595
0.295788
0.265026
0.376660
0.251564
0.216546
0.244460
0.231824
0.202965
0.326046
0.277675
0.234872
0.169549
0.254430
0.198706
0.263138
0.268785
0.264791
0.286959
0.200355
0.254231
0.136543
0.198104
0.235363
0.179270
0.283794
0.238253
0.327122
0.160187
0.335998
0.220842
0.208652
0.202511
0.263063
0.287380
0.322714
0.252897
0.314344
0.143369
0.256081
0.165793
0.236005
0.282755
0.181650
0.213840
0.228062
0.205368
0.224890
0.216975
0.173584
0.407273
0.245325
0.182917
0.269230
0.134718
0.247099
0.256951
0.285536
0.195878
0.236408
0.208313
0.222979
0.175647
0.265106
0.246831
0.230058
0.256796
0.141976
0.123048
0.201981
0.186368
0.218196
0.234492
0.329629
0.270771
0.166736
0.418635
0.196534
0.186304
0.200510
0.271294
0.234399
0.302764
0.297538
0.304625
0.327944
0.236599
0.290776
0.322443
0.239201
0.307696
0.347924
0.302768
0.216915
0.256714
0.292349
0.433311
0.231485
0.225235
0.335845
0.267427
0.230593
0.339435
0.338397
0.252942
0.263875
0.222860
0.198421
0.218720
0.208356
0.301619
0.256249
0.274201
0.180450
0.284847
0.212837
0.355708
0.253325
0.205297
0.235985
0.382836
0.291621
0.215673
0.224518
0.196088
0.149331
0.287699
0.228448
0.231174
0.209280
0.300622
0.291148
0.319493
0.231304
0.135739
0.332151
0.319243
0.231260
0.275755
0.189606
0.241855
0.208636
0.303268
0.130991
0.198242
0.192055
0.216989
0.256259
0.336310
0.242242
0.300252
0.221210
0.340204
0.254948
0.261595
0.232017
0.254334
0.246183
0.193211
0.201846
0.248017
0.150153
0.213701
