2.425889
2.638967
2.843210
2.249768
2.161381
2.241433
2.097571
1.954037
2.184568
1.996311
1.997827
1.862136
1.897371
1.911049
1.889791
1.870779
1.801461
1.790889
1.843201
1.839195
1.643014
1.907392
1.868657
1.783584
1.853410
1.705481
1.840462
1.816966
1.979143
1.862772
1.822743
1.793380
1.746069
1.874165
1.717443
1.793257
1.688156
1.755364
1.714809
1.595060
1.912479
1.776656
1.668470
1.815200
1.708316
1.469261
1.591302
1.760482
1.662599
1.591422
1.709212
1.605775
1.556968
1.565545
1.751736
1.786678
1.791231
1.760373
1.684263
1.618107
1.564723
1.494811
1.588951
1.457731
1.683153
1.703202
1.535725
1.489878
1.539595
1.569906
1.482242
1.548289
1.553493
1.490570
1.482179
1.576052
1.627616
1.594369
1.689471
1.474194
1.579349
1.585390
1.487756
1.664739
1.619564
1.492341
1.538392
1.621330
1.495216
1.466148
1.394281
1.557850
1.590489
1.506108
1.661311
1.596604
1.508555
1.565836
1.544902
1.515379
1.663804
1.753104
1.804246
1.581559
1.553950
1.567470
1.555855
1.600887
1.416637
1.635230
1.439798
1.699462
1.362325
1.476687
1.395090
1.472638
1.604386
1.424490
1.428288
1.285213
1.378870
1.426728
1.472525
1.351373
1.504502
1.585686
1.363222
1.694082
1.534162
1.471527
1.540870
1.393651
1.620946
1.350943
1.475361
1.373559
1.360029
1.345500
1.509009
1.608201
1.394759
1.466312
1.414418
1.510491
1.402903
1.461110
1.341323
1.489161
1.433592
1.502130
1.205176
1.372237
1.267712
1.500336
1.665724
1.433020
1.389618
1.273608
1.321429
1.449267
1.374156
1.325206
1.149764
1.429677
1.253139
1.159421
1.296227
1.376922
1.357021
1.354187
1.243786
1.619640
1.733016
1.415299
1.599371
1.366012
1.338741
1.226684
1.299816
1.600745
1.313389
1.404347
1.511364
1.268313
1.379685
1.368508
1.170568
1.340529
1.346532
1.238101
1.260234
1.315708
1.315292
1.392929
1.362303
1.255452
1.223028
1.260316
1.311449
1.293540
1.212006
1.261212
1.245283
1.241114
1.265554
1.380474
1.331780
1.170307
1.261867
1.513090
1.454806
1.255873
1.440452
1.305790
1.372417
1.363363
1.308125
1.395994
1.304909
1.153711
1.110224
1.371870
1.097166
1.265906
1.252293
1.421742
1.104967
1.313298
1.239501
1.216509
1.422462
1.235038
1.249332
1.187629
1.431948
1.387136
1.375812
1.174455
1.342425
1.219085
1.237934
1.155226
1.304293
1.467352
1.146310
1.189019
1.228039
1.202587
1.207300
1.503903
1.182802
1.253900
1.300185
1.161548
1.256831
1.264699
1.175648
1.231867
1.386958
1.201335
1.088137
1.260488
1.262795
1.190716
1.206932
1.010094
1.292014
1.115634
1.255668
1.250835
1.238387
1.267148
1.110063
0.999342
1.081808
1.098592
1.172542
1.157340
1.024583
1.271865
1.056461
1.236470
1.149393
1.082086
1.173202
1.171708
0.967238
1.185997
1.178193
1.191614
1.084345
1.044528
1.070039
1.048183
1.013574
1.215546
1.279083
1.178308
1.204042
1.204370
1.187361
1.075228
1.029777
1.196058
1.256338
1.285066
1.144818
1.233688
1.200803
1.030620
1.038383
1.145214
1.138629
1.150791
1.281863
1.124080
1.133199
1.366344
0.990479
1.214248
1.304619
1.126145
1.228705
1.211993
0.983800
1.130050
0.986284
1.005586
0.967954
1.110186
1.000343
0.988206
1.017721
1.007649
1.017330
1.062537
1.184409
1.028206
1.034021
1.013906
1.198850
1.111991
1.160034
1.200839
0.876820
1.205019
1.126142
1.053084
1.073463
1.084053
1.103902
1.185878
1.105245
1.103092
1.215631
1.000008
1.004211
0.988680
0.995725
1.296098
1.145118
1.166389
1.014734
1.220852
1.028804
1.146126
1.131270
1.163800
1.078893
1.007302
0.929795
1.328074
1.180346
1.158537
1.148248
1.014826
0.925204
1.088413
1.057236
1.065718
0.961336
1.101345
1.160410
1.005617
1.069890
1.023424
1.052459
1.269510
1.091404
1.075512
1.028728
1.023245
1.121371
1.086798
1.023437
0.985007
1.107580
0.991379
0.943246
1.153108
1.034943
1.009593
1.152964
1.090462
0.934454
1.146523
1.022164
0.992567
1.170045
0.996060
1.113581
1.148976
0.981263
1.093424
0.843036
1.127628
1.031964
1.157264
0.991892
1.108236
1.011734
0.939172
1.150515
1.198470
0.956452
1.036104
1.159598
0.879711
1.064866
0.950412
0.964613
0.914499
0.972521
1.014313
1.045582
0.888622
0.935602
0.893497
0.848017
1.019083
0.922590
0.906697
1.095281
1.169436
0.972153
1.127793
0.973298
0.891418
1.003036
1.004262
1.004846
0.875841
1.096304
1.074368
1.028281
1.019635
0.981139
1.052343
1.092686
0.956948
0.962806
1.038974
0.832422
1.090344
0.919334
0.870051
0.947696
0.996360
0.867270
1.184354
0.949873
1.038212
1.036964
1.071581
0.961976
1.049123
1.094687
1.081256
1.050801
0.931716
1.028538
0.879593
0.857909
1.008174
1.145329
0.968336
0.872614
0.952580
0.861859
0.864849
0.952535
0.860865
1.029120
0.960822
1.068565
0.982284
1.012895
1.041403
1.119817
1.117901
0.874464
1.043092
0.888397
0.986549
1.248516
0.925710
0.959174
0.903720
0.972202
0.992748
0.927404
1.120920
1.044490
0.966952
1.046966
0.910526
0.850459
0.859425
0.966686
0.999020
1.118798
1.131912
0.884008
0.829939
0.901993
0.854950
0.928046
1.028015
0.856265
0.889051
0.971364
0.775475
0.951372
0.931399
0.909530
0.780894
1.037031
0.814275
0.872646
1.011946
1.012478
0.868201
0.889877
0.875371
0.908754
1.019756
0.948626
0.883894
0.933914
1.115384
1.131542
0.840646
1.189829
1.048800
1.034236
1.099691
0.859560
1.038606
0.927847
0.721393
1.009249
1.057830
0.807926
0.980097
1.139443
0.938414
1.048893
0.782992
0.881947
0.904357
1.030849
1.051779
0.987382
0.844133
1.055170
1.010325
0.975449
1.004464
0.773175
0.872213
0.907706
0.881824
1.164322
0.906343
0.911094
0.941579
0.996944
1.004243
0.992609
0.898222
1.116590
0.922115
0.850911
0.893297
0.913227
1.022151
0.901012
0.819987
0.856495
1.109266
0.890954
0.901299
1.105252
0.859074
0.942972
0.923295
1.044928
0.932417
0.839409
0.811186
0.822336
0.738740
0.922572
0.778670
0.932973
0.851250
0.718733
0.795881
1.187695
0.963405
0.940383
0.910285
0.944466
1.165823
0.882377
1.026647
1.007367
0.908003
0.870744
1.063426
0.812772
1.087039
0.910976
1.026465
1.153607
0.818428
0.996469
0.926432
0.818500
0.828945
0.839344
1.012627
0.959403
0.974446
0.878629
0.894901
0.947675
0.908284
0.819560
0.802181
0.880182
0.899634
0.960135
1.045392
0.886041
0.979902
1.060137
1.094839
0.770008
0.865234
0.860726
0.932092
0.834855
1.020166
0.813905
0.811394
0.788246
0.959792
0.931807
0.811181
0.764288
0.897798
0.861222
0.886421
1.064748
0.914139
0.925488
1.083079
0.979444
0.917745
0.978357
0.746628
0.770560
0.845642
0.809535
0.859350
0.857534
0.767118
0.771696
0.967212
0.962921
0.963516
0.764718
0.879937
0.873985
0.810471
0.844988
0.803927
0.721128
0.882786
1.008600
0.920843
0.853388
0.978465
0.771246
0.893785
0.994880
0.680677
0.930273
0.725904
1.022786
0.767790
0.817464
0.740870
0.827460
0.879677
0.780001
0.887059
0.791906
0.676711
0.783609
0.882723
0.828171
0.745179
0.726594
0.968963
0.742101
0.917880
0.921535
0.893249
0.816147
0.724482
0.998687
0.875564
0.992296
0.719265
0.824712
0.889408
0.764215
0.729404
1.119495
0.889708
0.933205
0.770748
0.882303
0.778572
0.939722
0.698861
0.902192
0.775795
0.812246
0.813702
0.850829
0.822324
0.801107
0.992279
0.744243
0.926093
1.150915
0.893927
0.818976
0.763503
0.794287
0.808700
0.891023
0.793782
0.774688
0.906944
0.841116
0.800241
0.739168
0.787875
0.858591
0.888020
0.978509
0.942351
0.836480
0.872942
0.889475
0.803759
0.875660
0.720472
0.799028
0.857121
0.861683
0.808464
0.705656
0.951066
0.913529
0.731228
0.837855
0.740701
0.673817
0.817783
0.967239
0.780554
0.887954
0.769912
0.663468
0.710963
0.848718
0.802735
0.731137
0.785210
0.886288
0.722912
0.799535
0.959587
0.716470
0.828070
0.942911
0.764695
0.748944
0.785573
0.678486
0.634380
0.819387
0.724402
0.796942
0.873759
0.869633
0.783121
0.811290
0.850836
0.703237
0.866960
0.876878
0.793368
0.799763
0.712620
0.679441
0.909861
0.843068
0.756360
0.776849
0.886351
0.709730
0.827365
0.695649
0.876930
0.775811
0.672011
0.983011
0.675403
0.753186
0.700897
0.794130
0.711803
0.819552
0.987196
0.770824
0.844236
0.727661
0.730367
0.698975
0.830855
1.022453
0.562009
0.703222
0.956863
0.864445
0.730004
0.849925
0.860269
0.733252
0.721702
0.774715
0.760204
0.759596
0.781114
0.795626
0.751286
0.838426
0.624028
0.786226
0.769915
0.775978
0.981652
0.699267
0.974326
0.818083
0.795573
0.733663
0.899072
0.681302
0.859444
0.831599
0.943969
0.717195
0.773378
1.006719
0.831913
0.676237
0.821159
0.810174
0.871976
0.727840
0.869768
0.830953
0.781041
0.878190
0.681919
0.912247
0.720014
0.872139
0.814456
0.819171
0.821773
0.935991
0.658130
0.701888
0.892103
0.906981
0.713658
0.977053
0.735649
0.764243
0.898886
0.809258
0.864782
0.874939
0.785459
0.711044
0.842975
0.765732
0.979123
0.910395
0.747997
0.854468
0.661380
0.961538
0.764144
0.766766
0.815003
0.760689
0.789810
0.767536
0.781831
0.735443
0.934722
0.718853
0.919948
0.637460
0.767921
0.892564
0.817353
0.689486
0.807472
0.606652
0.748668
0.679498
0.658397
0.669875
0.740416
0.675619
0.786701
0.761182
0.847353
0.771952
0.869179
1.025295
0.710691
0.776382
0.761301
0.990569
0.712437
0.835946
0.769078
0.794910
0.917007
0.692748
0.680251
0.866302
0.835155
0.716480
0.872128
0.904825
0.698722
0.665090
0.857717
0.640052
0.693305
0.804239
0.825703
0.613513
0.933330
0.882600
0.841180
0.734192
0.728495
0.774172
0.734448
0.751270
0.731511
0.667243
0.749040
0.687588
0.725119
0.727458
0.810962
0.691784
0.846545
0.719196
0.751227
0.716601
0.703908
0.699381
0.796667
0.734386
0.751264
0.714463
0.800223
0.896742
0.794927
0.778033
0.629749
0.881064
0.744212
0.738125
0.810562
0.807153
0.646324
0.780072
0.788927
0.628427
0.651158
0.684125
0.745271
0.773521
0.563073
0.870554
0.798207
0.841106
0.743855
0.875827
0.762557
0.685984
0.869527
0.671020
0.825914
0.641063
0.693874
0.775347
0.632011
0.887931
0.816568
0.836273
0.718504
0.865659
0.711401
0.737329
0.649828
0.721979
0.725859
0.710209
0.747675
0.718722
0.890769
0.701956
0.656854
0.719583
0.695752
0.677957
0.726500
0.592094
0.566630
0.718506
0.763803
0.608173
0.730251
0.832502
0.781291
0.742560
0.695664
0.779378
0.794303
0.729718
0.828569
0.700971
0.631312
0.855034
0.732848
0.623120
0.701913
0.752372
0.590689
0.723428
0.708779
0.721762
0.626501
0.716714
0.754936
0.619562
0.818905
0.647776
0.619149
0.793891
0.777067
0.648488
0.948528
0.765753
0.547415
0.862526
0.544501
0.628733
0.766573
0.629736
0.723752
0.901246
0.686190
0.589278
0.822642
0.743329
0.909759
0.716417
0.765355
0.653133
0.662345
0.872472
0.773726
0.737848
0.875657
0.756116
0.631926
0.596462
0.788707
0.748557
0.723865
0.781081
0.820241
0.670967
0.743876
0.879215
0.726875
0.676318
0.585017
0.729783
0.687926
0.636501
0.681171
0.850998
0.599475
0.765568
0.666547
0.789479
0.719494
0.820233
0.683245
0.656231
0.936697
0.748601
0.566505
0.634942
0.669595
0.824400
0.640026
0.707128
0.632287
0.746461
0.867415
0.767004
0.719065
0.797915
0.816616
0.713905
0.785092
0.811878
0.775760
0.558425
0.600597
0.821694
0.650160
0.697126
0.831899
0.611839
0.833388
0.651052
0.593031
0.701328
0.670277
0.603585
0.761150
0.576539
0.806587
0.564655
0.938298
0.775712
0.710433
0.610219
0.632920
0.596016
0.827772
0.977789
0.721528
0.701823
0.594138
0.570021
0.594172
0.768731
0.587803
0.857450
0.543864
0.740625
0.744613
0.677092
0.693622
0.839346
0.682428
0.778619
0.576403
0.734167
0.689343
0.739704
0.850916
0.799554
0.519192
0.779046
0.643339
0.677373
0.717520
0.882894
0.647574
0.766857
0.791817
0.546653
0.762534
0.723321
0.691834
0.547317
0.636536
0.768108
0.593430
0.609641
0.679187
0.585762
0.699933
0.494102
0.733457
0.601885
0.760378
0.679760
0.652376
0.791526
0.598973
0.618737
0.562762
0.682108
0.607963
0.714622
0.569296
0.393635
0.731285
0.510460
0.733548
0.832646
0.539543
0.656517
0.651322
0.646462
0.591718
0.648936
0.656627
0.700327
0.679434
0.604170
0.684562
0.789510
0.722119
0.653728
0.569197
0.685594
0.731154
0.729415
0.684075
0.823526
0.597968
0.823965
0.625605
0.856100
0.798303
0.651091
0.726854
0.686327
0.690051
0.638558
0.673543
0.590434
0.630690
0.650416
0.686615
0.679894
0.600675
0.645513
0.818001
0.703875
0.616653
0.727404
0.697661
0.651238
0.653521
0.689426
0.796645
0.701495
0.787178
0.757105
0.547775
0.739937
0.690444
0.738619
0.569235
0.592507
0.691098
0.652313
0.710306
0.782300
0.578835
0.634833
0.592353
0.721285
0.590844
0.500746
0.893499
0.798496
0.756360
0.686873
0.664977
0.629349
0.739761
0.830810
0.538974
0.595569
0.700873
0.730358
0.559517
0.573145
0.574627
0.742995
0.692934
0.838639
0.755787
0.629260
0.660016
0.758678
0.576213
0.794281
0.780039
0.606164
0.902735
0.631170
0.619376
0.563668
0.776431
0.564057
0.723335
0.558913
0.690844
0.801202
0.896647
0.734221
0.519242
0.789142
0.677543
0.508911
0.670284
0.697349
0.555617
0.602487
0.821814
0.587261
0.700124
0.684209
0.702508
0.857485
0.632331
0.671454
0.657128
0.676359
0.624968
0.698680
0.514934
0.490858
0.659233
0.831124
0.509119
0.676632
0.780176
0.857563
0.757099
0.728061
0.605436
0.755222
0.722221
0.714843
0.885813
0.539728
0.658073
0.477233
0.830392
0.729457
0.692067
0.629797
0.662785
0.676254
0.670571
0.740837
0.679015
0.613844
0.777974
0.537104
0.816798
0.567523
0.452574
0.724942
0.663806
0.578018
0.602117
0.649484
0.599485
0.690425
0.519870
0.603268
0.605648
0.544168
0.753914
0.498769
0.595559
0.713183
0.630468
0.479299
0.648791
0.777785
0.455489
0.753060
0.715437
0.932419
0.582275
0.677471
0.679601
0.704396
0.676133
0.568026
0.749973
0.679677
0.619463
0.628291
0.654415
0.581862
0.719389
0.672121
0.705457
0.584595
0.827366
0.529527
0.817741
0.614944
0.663870
0.692269
0.705357
0.576911
0.798385
0.691901
0.567062
0.558909
0.640960
0.700523
0.631034
0.666852
0.809285
0.769401
0.518026
0.568376
0.618172
0.536342
0.529369
0.638312
0.685542
0.582188
0.696115
0.740658
0.595996
0.571447
0.622050
0.676304
0.633553
0.648689
0.703749
0.773034
0.522711
0.518684
0.676572
0.661421
0.539474
0.780780
0.739443
0.769391
0.667109
0.512323
0.763258
0.651125
0.765790
0.485255
0.693659
0.560455
0.644810
0.517811
0.573843
0.551849
0.530080
0.496497
0.583574
0.636797
0.731878
0.595569
0.729830
0.680407
0.595329
0.726704
0.687045
0.814339
0.920372
0.835268
0.646446
0.600915
0.800929
0.652909
0.634486
0.780721
0.568724
0.594952
0.706270
0.646479
0.609555
0.579808
0.671423
0.624993
0.687446
0.771019
0.679091
0.776019
0.704680
0.618239
0.627096
0.631960
0.741006
0.615753
0.602221
0.703402
0.689213
0.725583
0.560223
0.606811
0.675971
0.601635
0.692269
0.704582
0.620812
0.669953
0.477604
0.502391
0.647274
0.633753
0.567890
0.712259
0.516830
0.584538
0.886456
0.699922
0.743723
0.608169
0.680085
0.403204
0.726488
0.710277
0.524666
0.556572
0.677996
0.547343
0.679358
0.550628
0.629087
0.618661
0.601775
0.565012
0.628174
0.591604
0.749437
0.489003
0.571941
0.613860
0.714208
0.473496
0.787029
0.607075
0.705371
0.464701
0.677119
0.793339
0.459776
0.644542
0.492083
0.774990
0.508206
0.638468
0.579654
0.738168
0.520083
0.687892
0.679535
0.667784
0.580146
0.619019
0.636652
0.716940
0.536919
0.456383
0.657562
0.577642
0.719261
0.658447
0.489449
0.471839
0.574759
0.826250
0.493825
0.642575
0.530785
0.600566
0.581587
0.692169
0.792479
0.709471
0.587076
0.494796
0.561531
0.664041
0.626773
0.495072
0.805184
0.563654
0.744973
0.626926
0.513739
0.621288
0.557690
0.663627
0.639162
0.664784
0.531644
0.679098
0.561622
0.735330
0.481580
0.666249
0.632053
0.579063
0.556493
0.608439
0.532710
0.584779
0.518844
0.720732
0.619767
0.647878
0.538928
0.714911
0.704521
0.486724
0.677819
0.627726
0.652874
0.631829
0.600645
0.530631
0.554444
0.466389
0.751837
0.732645
0.523275
0.635818
0.618282
0.525210
0.751177
0.656131
0.734992
0.605648
0.546211
0.606557
0.839254
0.604798
0.566157
0.688008
0.626641
0.554038
0.646679
0.690673
0.511116
0.484972
0.791666
0.514516
0.605957
0.614837
0.746320
0.679087
0.675618
0.708028
0.659493
0.697641
0.624445
0.512313
0.753682
0.575005
0.625574
0.611799
0.557159
0.610393
0.525770
0.490525
0.714331
0.506427
0.728243
0.621779
0.647990
0.531257
0.614527
0.608285
0.506347
0.657339
0.565028
0.757097
0.560514
0.622508
0.621347
0.726764
0.656879
0.665806
0.699202
0.624334
0.588232
0.635708
0.577320
0.468882
0.517806
0.837958
0.787485
0.657205
0.501329
0.736336
0.714391
0.731414
0.639854
0.789308
0.723136
0.457423
0.706127
0.577453
0.636695
0.602986
0.565173
0.574744
0.757744
0.519166
0.559113
0.577762
0.614974
0.553603
0.562019
0.429837
0.548416
0.601773
0.441749
0.485619
0.533072
0.600150
0.474826
0.585680
0.638747
0.561401
0.435536
0.540358
0.567630
0.528874
0.556106
0.633048
0.551930
0.553158
0.467304
0.731764
0.564448
0.660476
0.586990
0.629183
0.661138
0.559039
0.750647
0.696704
0.511557
0.581627
0.569942
0.494636
0.632369
0.531569
0.639358
0.532947
0.528020
0.477124
0.528903
0.705490
0.559939
0.571274
0.522549
0.550926
0.731351
0.439198
0.580542
0.452725
0.476514
0.662754
0.555140
0.537591
0.659692
0.609826
0.503691
0.648899
0.681059
0.592553
0.764253
0.579697
0.700589
0.642372
0.559959
0.565576
0.826054
0.530379
0.551418
0.678903
0.589963
0.500118
0.470066
0.627997
0.554679
0.606117
0.637398
0.450007
0.512840
0.487756
0.578118
0.512264
0.580284
0.442954
0.646087
0.564027
0.658261
0.567366
0.543473
0.643103
0.619298
0.466389
0.506209
0.532713
0.643161
0.725013
0.593946
0.599467
0.709441
0.624474
0.576259
0.638779
0.680480
0.622031
0.448408
0.637408
0.572980
0.553971
0.519182
0.450481
0.452521
0.552162
0.625204
0.593685
0.492318
0.615249
0.472809
0.536030
0.591530
0.594180
0.584755
0.510337
0.553282
0.580420
0.686413
0.758623
0.709649
0.371200
0.544180
0.452325
0.577540
0.677440
0.673815
0.605798
0.742146
0.741956
0.604079
0.550336
0.569678
0.566624
0.664685
0.662727
0.642819
0.713544
0.547002
0.555711
0.517755
0.619015
0.425300
0.493741
0.694623
0.424425
0.579105
0.422113
0.560546
0.561494
0.560800
0.469824
0.476654
0.524008
0.480976
0.355829
0.528306
0.564828
0.555093
0.815413
0.617194
0.533358
0.697359
0.553956
0.533380
0.504198
0.674633
0.605902
0.492404
0.725274
0.589255
0.489957
0.662583
0.351417
0.572990
0.500422
0.638192
0.386442
0.581541
0.549927
0.484413
0.542393
0.587870
0.744686
0.604370
0.555374
0.545454
0.490091
0.634445
0.475623
0.583749
0.572218
0.403229
0.467585
0.509480
0.500807
0.648456
0.405812
0.490878
0.577561
0.469062
0.513038
0.693200
0.777808
0.457412
0.510158
0.648050
0.517570
0.489275
0.503856
0.581653
0.473264
0.540428
0.631281
0.499359
0.428345
0.632932
0.470855
0.414984
0.536605
0.535907
0.608936
0.590272
0.538568
0.812610
0.562613
0.545145
0.560490
0.668734
0.633796
0.696350
0.482992
0.737202
0.414577
0.536036
0.498232
0.461803
0.515304
0.575985
0.437962
0.674607
0.656188
0.627412
0.504577
0.529230
0.522466
0.463394
0.652627
0.651700
0.475552
0.517808
0.394797
0.494980
0.555251
0.489790
0.680527
0.835307
0.534901
0.631486
0.570147
0.591595
0.436239
0.526802
0.721685
0.457834
0.450953
0.512218
0.659786
0.664698
0.617541
0.591707
0.424303
0.574757
0.631940
0.584595
0.502497
0.555176
0.635638
0.549088
0.387355
0.567039
0.649278
0.353021
0.727649
0.435831
0.697036
0.582201
0.510938
0.544070
0.579978
0.539919
0.608330
0.508190
0.578310
0.477543
0.429667
0.510722
0.372891
0.500874
0.382063
0.507215
0.395938
0.576206
0.668114
0.588746
0.606286
0.664626
0.770238
0.503017
0.538198
0.537811
0.472016
0.479913
0.599254
0.634700
0.779508
0.711165
0.666907
0.510545
0.428480
0.474016
0.336944
0.596137
0.513236
0.629664
0.504145
0.510469
0.501359
0.762595
0.608086
0.429211
0.689070
0.523951
0.459624
0.484703
0.656007
0.639006
0.473580
0.665732
0.599805
0.507094
0.570274
0.476474
0.529903
0.452295
0.576796
0.584991
0.542611
0.486489
0.587747
0.532576
0.510058
0.684527
0.525990
0.446149
0.413783
0.706951
0.623415
0.525325
0.691819
0.592539
0.491773
0.472873
0.652088
0.379552
0.557393
0.582733
0.646740
0.743388
0.704785
0.510562
0.502313
0.528384
0.716687
0.468233
0.496036
0.569527
0.543738
0.549488
0.557684
0.553938
0.485874
0.382700
0.654267
0.434700
0.566633
0.585488
0.480398
0.570070
0.558963
0.544097
0.576113
0.486715
0.750133
0.614145
0.468563
0.468570
0.386214
0.693149
0.661770
0.591545
0.458707
0.395213
0.667188
0.733635
0.594824
0.824672
0.627351
0.731069
0.524926
0.525096
0.564527
0.441726
0.501414
0.558657
0.508573
0.603561
0.498686
0.473885
0.423226
0.585119
0.483647
0.698499
0.559368
0.684287
0.472961
0.437781
0.546904
0.476345
0.498239
0.619583
0.441956
0.593770
0.812591
0.480582
0.546818
0.494149
0.547094
0.493841
0.706185
0.512617
0.537504
0.450590
0.486853
0.485171
0.576744
0.696555
0.635525
0.482087
0.450559
0.455826
0.676545
0.522980
0.554641
0.421377
0.459218
0.509932
0.371214
0.415014
0.517167
0.651400
0.514494
0.512783
0.584991
0.659260
0.630871
0.549457
0.400542
0.541034
0.668265
0.350151
0.516388
0.698006
0.363317
0.701864
0.543494
0.637159
0.569315
0.604541
0.487625
0.436089
0.677885
0.572001
0.492938
0.716105
0.493800
0.547783
0.625249
0.498560
0.547360
0.637855
0.634407
0.539655
0.537198
0.552244
0.473971
0.395484
0.669019
0.539993
0.553962
0.535268
0.484767
0.470459
0.612280
0.477771
0.424688
0.526621
0.576157
0.545774
0.480632
0.626903
0.695060
0.523718
0.528553
0.702195
0.562554
0.505144
0.595962
0.687711
0.383004
0.529986
0.329385
0.511832
0.565836
0.592546
0.483652
0.508084
0.653426
0.474752
0.472303
0.428522
0.480758
0.555374
0.698604
0.763582
0.664760
0.521864
0.423455
0.613639
0.650777
0.500108
0.431809
0.434839
0.587611
0.515786
0.576292
0.453411
0.499240
0.474193
0.429137
0.531896
0.483876
0.517657
0.513831
0.744429
0.621456
0.462374
0.524965
0.397372
0.713946
0.534365
0.288584
0.551787
0.586324
0.520837
0.451392
0.622733
0.496940
0.562633
0.625648
0.511367
0.514762
0.456498
0.419351
0.632417
0.389913
0.700899
0.495152
0.567022
0.469656
0.377678
0.508529
0.502363
0.482867
0.566993
0.472574
0.423813
0.483164
0.517373
0.536930
0.474391
0.368864
0.367384
0.449716
0.582428
0.470773
0.523934
0.424459
0.473353
0.463960
0.470613
0.538154
0.455120
0.492698
0.433891
0.612718
0.558664
0.652177
0.505226
0.438448
0.657467
0.424382
0.443725
0.567590
0.566616
0.484590
0.620509
0.539284
0.538770
0.621950
0.518630
0.460289
0.560586
0.576388
0.624512
0.634526
0.601174
0.515729
0.354422
0.733055
0.480130
0.579461
0.342034
0.419519
0.663248
0.425233
0.579147
0.649908
0.465508
0.466944
0.550887
0.581662
0.603131
0.476759
0.442982
0.708033
0.375426
0.565964
0.510724
0.441647
0.462878
0.796408
0.530902
0.680980
0.638556
0.538225
0.552363
0.426667
0.510873
0.503202
0.589067
0.531409
0.534727
0.582885
0.498078
0.389621
0.436741
0.367649
0.528410
0.499950
0.510938
0.440347
0.329236
0.363928
0.547439
0.440857
0.521329
0.547033
0.447493
0.376413
0.551467
0.427747
0.441568
0.478527
0.634264
0.494475
0.535827
0.557865
0.596349
0.426845
0.582589
0.397597
0.375654
0.528540
0.388889
0.478884
0.643245
0.435927
0.502323
0.375251
0.500528
0.391872
0.536321
0.624241
0.590565
0.453283
0.390517
0.418989
0.602261
0.572340
0.695833
0.355543
0.561130
0.538488
0.562079
0.411082
0.712463
0.529428
0.467297
0.484347
0.438208
0.437807
0.538279
0.449665
0.497975
0.369183
0.407797
0.331574
0.515539
0.468849
0.499606
0.533499
0.538733
0.601189
0.366894
0.416506
0.642701
0.470831
0.496606
0.497967
0.461227
0.427042
0.527890
0.419188
0.484627
0.566616
0.472557
0.627548
0.532951
0.564032
0.457166
0.464948
0.652489
0.579389
0.694717
0.502503
0.442579
0.546056
0.420740
0.441647
0.479622
0.539825
0.650234
0.392254
0.574360
0.478878
0.333113
0.555429
0.654489
0.521533
0.451599
0.574651
0.479636
0.535510
0.439942
0.401947
0.418569
0.529693
0.617594
0.411541
0.615081
0.784995
0.702230
0.445037
0.625758
0.380521
0.615589
0.507522
0.525694
0.468885
0.585657
0.467185
0.541038
0.517200
0.473915
0.596585
0.401715
0.666791
0.632380
0.514299
0.498895
0.435005
0.606127
0.568083
0.620567
0.461172
0.391802
0.582539
0.648498
0.456564
0.652368
0.535561
0.394444
0.509772
0.408461
0.507346
0.488277
0.363806
0.516003
0.543937
0.631208
0.394074
0.599976
0.482623
0.411635
0.379799
0.408915
0.333325
0.607377
0.530388
0.526725
0.408922
0.407247
0.406789
0.451791
0.596168
0.550916
0.472295
0.567770
0.553164
0.401202
0.551311
0.422940
0.324178
0.379367
0.496443
0.484267
0.429467
0.521553
0.458732
0.518096
0.476524
0.349245
0.656966
0.567827
0.666072
0.459417
0.559783
0.684664
0.535642
0.370020
0.531771
0.486698
0.691739
0.578779
0.469829
0.617872
0.547155
0.482894
0.530461
0.542063
0.404721
0.334964
0.366854
0.422293
0.375046
0.642720
0.504179
0.532660
0.500611
0.481765
0.432665
0.497802
0.454960
0.354931
0.462111
0.551820
0.384319
0.331684
0.417905
0.500772
0.446423
0.624581
0.524329
0.656581
0.510067
0.518893
0.489162
0.549374
0.542368
0.621348
0.351021
0.559381
0.456691
0.584983
0.441568
0.389127
0.478947
0.424506
0.506983
0.493602
0.434363
0.426524
0.577331
0.457967
0.542799
0.377246
0.429048
0.491039
0.606494
0.460807
0.547583
0.556395
0.535063
0.483685
0.568779
0.486609
0.449367
0.827363
0.478664
0.578986
0.414756
0.425286
0.496162
0.545000
0.482922
0.396855
0.451209
0.339983
0.551779
0.431121
0.390043
0.604729
0.447556
0.391083
0.459303
0.578964
0.478573
0.451977
0.448976
0.482446
0.537936
0.585920
0.560348
0.370922
0.345864
0.514221
0.430371
0.356259
0.535264
0.542093
0.482825
0.529823
0.388272
0.296769
0.502309
0.486439
0.297803
0.406790
0.377506
0.358881
0.523563
0.402016
0.329284
0.366659
0.448065
0.524861
0.508522
0.500090
0.464253
0.555552
0.525889
0.453281
0.485296
0.496573
0.419230
0.481014
0.396861
0.499106
0.527969
0.325271
0.378198
0.515349
0.650335
0.494425
0.643514
0.411781
0.421313
0.453699
0.474339
0.564558
0.343851
0.399518
0.473900
0.500883
0.431852
0.468120
0.521897
0.466053
0.411448
0.396894
0.558136
0.646658
0.545829
0.410396
0.399731
0.366226
0.544888
0.416989
0.399370
0.460858
0.562096
0.430092
0.386703
0.419589
0.482072
0.472204
0.501108
0.388658
0.536342
0.395373
0.501947
0.474974
0.378234
0.416210
0.325528
0.536761
0.489594
0.530157
0.460245
0.547888
0.445426
0.459061
0.563434
0.464519
0.524402
0.547759
0.583401
0.514349
0.505835
0.462476
0.477856
0.519109
0.348594
0.478137
0.495416
0.351903
0.424055
0.441736
0.372980
0.470016
0.665671
0.566441
0.424083
0.554410
0.389001
0.505189
0.419797
0.416482
0.455242
0.443056
0.373742
0.408683
0.497556
0.440956
0.543500
0.549999
0.381429
0.424463
0.460535
0.422719
0.458760
0.491268
0.321117
0.502259
0.507196
0.486658
0.508601
0.860059
0.382963
0.550590
0.355897
0.417377
0.600166
0.495140
0.448053
0.458092
0.475416
0.605597
0.306113
0.475508
0.702024
0.429828
0.455901
0.461071
0.456220
0.496245
0.593717
0.303555
0.392372
0.412187
0.505091
0.456004
0.455768
0.506146
0.430273
0.389029
0.558973
0.448693
0.534847
0.592740
0.477175
0.537183
0.464217
0.515779
0.434907
0.326632
0.322851
0.506199
0.608191
0.383975
0.498805
0.465658
0.422029
0.684265
0.454453
0.446101
0.489765
0.297488
0.448355
0.407069
0.495315
0.748871
0.499955
0.474915
0.475462
0.432361
0.334121
0.600197
0.516896
0.382492
0.395385
0.532265
0.575128
0.389586
0.507347
0.560057
0.351231
0.547751
0.413845
0.560315
0.393791
0.343461
0.437680
0.559246
0.477051
0.559149
0.598870
0.395823
0.516704
0.489588
0.549409
0.399308
0.613861
0.444378
0.506826
0.441297
0.421819
0.475499
0.411702
0.417107
0.461379
0.487913
0.439179
0.455304
0.488614
0.604557
0.489359
0.457024
0.454747
0.545661
0.446745
0.560201
0.412876
0.646171
0.393736
0.516833
0.567718
0.463998
0.535982
0.431510
0.676948
0.449177
0.409113
0.483917
0.417712
0.508206
0.601630
0.635110
0.550103
0.482650
0.493375
0.531460
0.499449
0.510693
0.457564
0.509192
0.561374
0.451773
0.360098
0.461675
0.336155
0.508674
0.608344
0.429376
0.440090
0.388601
0.518857
0.431731
0.452565
0.431665
0.406364
0.400645
0.448921
0.476465
0.405223
0.505923
0.472195
0.526191
0.409567
0.509995
0.409376
0.434186
0.495544
0.593314
0.407904
0.436682
0.429665
0.468491
0.405033
0.414321
0.363544
0.607198
0.605432
0.508808
0.488694
0.379282
0.554069
0.529233
0.360814
0.388290
0.520290
0.315106
0.325040
0.451352
0.473943
0.426340
0.529587
0.435235
0.467654
0.304369
0.458713
0.382818
0.469759
0.409904
0.416828
0.275699
0.571504
0.484887
0.530568
0.371654
0.367663
0.439030
0.439625
0.662487
0.435233
0.520539
0.516246
0.501413
0.640472
0.403878
0.472413
0.531135
0.384044
0.399358
0.635312
0.522511
0.526179
0.368703
0.540307
0.508030
0.448496
0.462336
0.559782
0.377953
0.652703
0.312188
0.592287
0.481385
0.377043
0.574956
0.445579
0.481248
0.479523
0.364208
0.593234
0.495488
0.471177
0.367719
0.442859
0.387252
0.386878
0.328827
0.514192
0.256985
0.445910
0.466793
0.322895
0.477819
0.428259
0.488939
0.471819
0.301343
0.407239
0.444454
0.479364
0.460611
0.437655
0.435206
0.489621
0.522627
0.444186
0.362848
0.445649
0.514485
0.304146
0.347684
0.493863
0.504614
0.561327
0.413416
0.446669
0.400892
0.576437
0.471113
0.397019
0.294652
0.537744
0.482429
0.356529
0.437037
0.475652
0.554477
0.306516
0.473725
0.430732
0.483393
0.489623
0.350693
0.444737
0.501896
0.434783
0.470443
0.352093
0.496074
0.387205
0.493240
0.462412
0.449722
0.293510
0.406910
0.598103
0.483639
0.434884
0.507123
0.400753
0.595751
0.472093
0.455231
0.532498
0.429171
0.533963
0.463406
0.530612
0.402378
0.518901
0.405182
0.413376
0.380380
0.344929
0.296031
0.336214
0.379843
0.357627
0.413528
0.388274
0.374729
0.538197
0.384460
0.514279
0.477122
0.651261
0.314678
0.541091
0.418411
0.407005
0.498132
0.422555
0.741500
0.408196
0.426822
0.333216
0.446818
0.464420
0.459291
0.378079
0.443211
0.492677
0.372147
0.541153
0.606225
0.670755
0.389921
0.452446
0.431644
0.442501
0.431501
0.483196
0.479027
0.475427
0.601650
0.530781
0.365952
0.507659
0.390869
0.347452
0.459953
0.435014
0.392926
0.487635
0.443173
0.686486
0.414948
0.425417
0.356187
0.556351
0.309231
0.480386
0.403355
0.328126
0.361633
0.389065
0.497460
0.511110
0.362400
0.504703
0.365845
0.345569
0.501010
0.409814
0.431635
0.421567
0.441662
0.427892
0.404790
0.463317
0.336828
0.404207
0.438832
0.465045
0.486807
0.444421
0.438820
0.333179
0.339545
0.490992
0.404438
0.238689
0.384398
0.360635
0.518353
0.290770
0.459117
0.401318
0.361139
0.367693
0.452875
0.296429
0.314193
0.369783
0.342645
0.424038
0.520450
0.472807
0.450482
0.391280
0.407769
0.473634
0.482603
0.318734
0.447990
0.454389
0.418677
0.405802
0.294884
0.322937
0.401932
0.557952
0.405644
0.444782
0.446250
0.405227
0.525959
0.470801
0.355968
0.424454
0.334048
0.399837
0.484891
0.399867
0.438036
0.391362
0.471297
0.423450
0.389642
0.333716
0.525769
0.313132
0.282886
0.412294
0.392927
0.556294
0.352123
0.619985
0.425811
0.553436
0.573713
0.415741
0.390655
0.602757
0.385617
0.477705
0.482721
0.414281
0.596482
0.303753
0.455198
0.418942
0.401905
0.441872
0.527694
0.545030
0.447033
0.328467
0.467691
0.359012
0.342192
0.445934
0.557405
0.408606
0.389291
0.464421
0.519319
0.571668
0.440617
0.444874
0.345506
0.454740
0.526505
0.374316
0.380941
0.476191
0.351494
0.490816
0.301616
0.427165
0.363408
0.488446
0.396522
0.376407
0.448350
0.466151
0.398135
0.379405
0.429721
0.331255
0.319230
0.474836
0.339973
0.552055
0.473845
0.528443
0.410502
0.585385
0.413682
0.406828
0.267612
0.382906
0.265609
0.542230
0.465449
0.413497
0.401329
0.460262
0.402774
0.418420
0.357907
0.468113
0.346621
0.455456
0.475843
0.446970
0.427239
0.367352
0.369691
0.350828
0.396239
0.440614
0.521679
0.484889
0.444752
0.422674
0.506228
0.435047
0.373112
0.452847
0.515833
0.514846
0.376917
0.369944
0.431835
0.522586
0.481454
0.450316
0.530134
0.442896
0.535550
0.602253
0.501709
0.428624
0.680465
0.457023
0.468392
0.404884
0.632663
0.502128
0.391670
0.412387
0.387583
0.425160
0.388199
0.273995
0.496090
0.448832
0.362427
0.419115
0.363789
0.467844
0.463608
0.446458
0.447487
0.403380
0.437508
0.457579
0.493781
0.387297
0.368344
0.556097
0.497482
0.413309
0.453188
0.444092
0.375909
0.443052
0.317687
0.462871
0.463479
0.375683
0.368450
0.361436
0.429349
0.474673
0.429999
0.349111
0.440058
0.482190
0.288038
0.430796
0.427923
0.436879
0.344663
0.375203
0.358941
0.349496
0.481871
0.471784
0.405623
0.397932
0.458633
0.352497
0.484685
0.467359
0.426194
0.371658
0.504040
0.403270
0.454805
0.466234
0.654944
0.492072
0.436407
0.516272
0.344596
0.404198
0.456129
0.445804
0.466657
0.437150
0.405979
0.461087
0.386886
0.443628
0.429882
0.312723
0.396478
0.374893
0.368795
0.387545
0.359174
0.543141
0.515492
0.438279
0.535696
0.429716
0.385818
0.472058
0.555302
0.335248
0.469834
0.366991
0.413120
0.334394
0.321191
0.411502
0.518263
0.272436
0.451976
0.448971
0.331301
0.471065
0.376815
0.345311
0.383370
0.438562
0.469320
0.311805
0.440078
0.472064
0.372787
0.305956
0.353288
0.322944
0.272573
0.448447
0.468233
0.386013
0.527339
0.435141
0.454188
0.287191
0.354686
0.341447
0.325845
0.327678
0.317499
0.298703
0.296768
0.491516
0.525142
0.361793
0.535104
0.264519
0.306492
0.426187
0.310689
0.344794
0.441749
0.471069
0.448947
0.326867
0.348159
0.440567
0.358682
0.350637
0.357504
0.419843
0.413671
0.297179
0.431328
0.483670
0.338271
0.365820
0.320327
0.400876
0.322259
0.386674
0.417069
0.374494
0.327518
0.232783
0.268128
0.529826
0.321622
0.381027
0.285802
0.569976
0.324830
0.543358
0.421308
0.479711
0.509224
0.449462
0.417646
0.377058
0.361896
0.490533
0.472198
0.443497
0.386474
0.555655
0.334188
0.493712
0.514521
0.496035
0.450392
0.399495
0.420114
0.430534
0.495806
0.427308
0.254882
0.356363
0.289223
0.466591
0.438304
0.374508
0.372800
0.398548
0.310226
0.443611
0.379902
0.238945
0.532017
0.330268
0.352312
0.556035
0.359369
0.482700
0.368590
0.380205
0.258426
0.346727
0.421504
0.415586
0.617293
0.410636
0.404899
0.348871
0.388233
0.340712
0.431663
0.295559
0.370131
0.381338
0.552032
0.435212
0.290517
0.381934
0.337011
0.295597
0.346266
0.445882
0.319683
0.338827
0.353098
0.429930
0.375093
0.405925
0.335306
0.523100
0.312059
0.543472
0.411338
0.386159
0.507398
0.387941
0.458547
0.346018
0.660647
0.556225
0.400657
0.470563
0.433608
0.271874
0.353229
0.457196
0.450493
0.320677
0.348195
0.466852
0.382970
0.461621
0.334057
0.461064
0.396303
0.378056
0.434953
0.212774
0.434803
0.441615
0.568858
0.391705
0.413502
0.369767
0.434652
0.390659
0.370966
0.468370
0.506078
0.364947
0.454260
0.385435
0.382081
0.436099
0.472638
0.666763
0.373843
0.361175
0.386359
0.356399
0.563258
0.481796
0.480459
0.486132
0.482378
0.344547
0.544924
0.431601
0.392670
0.377284
0.354526
0.358063
0.302151
0.485976
0.374240
0.306815
0.412786
0.352723
0.354616
0.463833
0.368063
0.308004
0.396260
0.403237
0.614260
0.444029
0.339256
0.462784
0.433042
0.359176
0.443255
0.449902
0.467499
0.394166
0.528097
0.378870
0.470802
0.371211
0.411823
0.463124
0.398808
0.448381
0.543739
0.411885
0.403582
0.384502
0.272005
0.349327
0.533389
0.425321
0.428636
0.335017
0.347045
0.359965
0.389363
0.348718
0.402074
0.311753
0.573020
0.605972
0.404836
0.395035
0.349308
0.480758
0.443784
0.505391
0.249218
0.321314
0.397456
0.512315
0.290852
0.321354
0.538196
0.409590
0.307682
0.486816
0.466122
0.452372
0.389817
0.442833
0.451391
0.377560
0.753659
0.401516
0.289543
0.591251
0.382245
0.378723
0.415204
0.468361
0.345347
0.500168
0.377135
0.350571
0.452364
0.310717
0.427716
0.480998
0.506869
0.294824
0.351684
0.325058
0.324021
0.411949
0.441111
0.475664
0.376114
0.347670
0.375244
0.551669
0.478940
0.408068
0.344413
0.341447
0.439733
0.350018
0.603200
0.397203
0.557507
0.400445
0.513687
0.225105
0.492989
0.435381
0.553666
0.485753
0.510391
0.548029
0.441978
0.398591
0.541814
0.437388
0.543897
0.415414
0.350864
0.389974
0.447899
0.494107
0.396352
0.494113
0.432944
0.370847
0.511821
0.387399
0.426293
0.396297
0.361107
0.613654
0.410553
0.303423
0.392166
0.450137
0.399304
0.474549
0.397547
0.375646
0.393184
0.371417
0.442737
0.306950
0.482070
0.499660
0.405436
0.338464
0.477199
0.344320
0.361515
0.501220
0.371128
0.515617
0.382213
0.488402
0.454798
0.432431
0.389786
0.428091
0.413912
0.448055
0.430265
0.348345
0.421025
0.362483
0.275276
0.309575
0.446567
0.254747
0.417831
0.382514
0.511779
0.392319
0.385247
0.547306
0.338552
0.421737
0.239413
0.336292
0.324011
0.421985
0.380799
0.425224
0.383720
0.339898
0.293218
0.363978
0.371532
0.456349
0.418593
0.466830
0.307330
0.387494
0.280814
0.474868
0.287634
0.349406
0.367337
0.367249
0.366480
0.363675
0.420092
0.323426
0.367779
0.464867
0.347472
0.378711
0.290479
0.460084
0.387553
0.486095
0.386606
0.403408
0.423466
0.389074
0.373143
0.279486
0.446251
0.557459
0.309409
0.469552
0.443770
0.262849
0.396791
0.461300
0.319923
0.460534
0.386174
0.415295
0.449976
0.504170
0.508446
0.424728
0.380519
0.337281
0.393629
0.397392
0.305502
0.456057
0.327223
0.295461
0.472788
0.377587
0.406144
0.379538
0.310100
0.276004
0.365179
0.307065
0.354324
0.379900
0.259491
0.666067
0.373961
0.474729
0.241031
0.611219
0.481716
0.328019
0.388420
0.479714
0.362306
0.302479
0.395221
0.441610
0.353586
0.425396
0.519438
0.392441
0.376885
0.392674
0.483706
0.395084
0.472085
0.404050
0.371213
0.364743
0.401768
0.427906
0.348467
0.299982
0.260006
0.444663
0.331130
0.427167
0.351247
0.312321
0.368548
0.399229
0.270155
0.484710
0.571413
0.245899
0.393464
0.388947
0.375574
0.523805
0.444717
0.451920
0.387662
0.361081
0.311818
0.337535
0.382725
0.234578
0.522200
0.363730
0.538969
0.314712
0.420695
0.395104
0.492280
0.357123
0.280777
0.343808
0.393940
0.273820
0.338147
0.347888
0.395257
0.499124
0.403715
0.369273
0.289056
0.477214
0.404415
0.293315
0.464285
0.399912
0.303796
0.428213
0.298652
0.388525
0.279980
0.309605
0.372357
0.385915
0.332298
0.453490
0.417480
0.468378
0.430764
0.374827
0.519049
0.283506
0.420510
0.325281
0.175933
0.434646
0.462567
0.453263
0.539387
0.332356
0.351990
0.387407
0.332225
0.271421
0.352436
0.479390
0.450009
0.500972
0.383751
0.383439
0.383146
0.408894
0.363377
0.425935
0.366976
0.292828
0.545500
0.406476
0.475175
0.360725
0.423626
0.511650
0.348861
0.406706
0.319974
0.486786
0.384468
0.327567
0.303118
0.486839
0.294657
0.379628
0.370011
0.313422
0.287172
0.457926
0.280670
0.294135
0.434356
0.403300
0.478896
0.380328
0.310248
0.400756
0.491409
0.490513
0.256482
0.391010
0.357067
0.373506
0.513694
0.526083
0.373646
0.460013
0.334606
0.472044
0.336060
0.344357
0.336989
0.465654
0.420788
0.302875
0.318027
0.332551
0.288868
0.285273
0.441501
0.482026
0.465372
0.411769
0.191945
0.268234
0.350095
0.419149
0.325497
0.369400
0.306052
0.360831
0.387718
0.374192
0.246690
0.416033
0.408459
0.342534
0.371873
0.326822
0.377080
0.383186
0.373452
0.383000
0.314036
0.359217
0.294555
0.315531
0.431524
0.412966
0.443063
0.310023
0.408687
0.472255
0.347494
0.280762
0.399557
0.430776
0.438125
0.419228
0.409846
0.473305
0.317482
0.363550
0.385393
0.384182
0.292467
0.380231
0.358323
0.408713
0.368290
0.411170
0.331267
0.397555
0.508227
0.256954
0.280708
0.275469
0.356787
0.328163
0.256208
0.426405
0.390787
0.408914
0.393739
0.572365
0.452126
0.454293
0.371134
0.314690
0.288842
0.346542
0.407233
0.517905
0.288093
0.319881
0.418178
0.447788
0.287031
0.361215
0.228853
0.383826
0.388172
0.429165
0.374264
0.372450
0.439259
0.400073
0.395215
0.468136
0.333183
0.270551
0.296845
0.433329
0.348764
0.543421
0.259062
0.231921
0.424429
0.365462
0.526379
0.387168
0.368220
0.498433
0.279377
0.265020
0.416546
0.338128
0.420738
0.235444
0.355097
0.354193
0.328123
0.255512
0.469007
0.361161
0.382011
0.312752
0.323579
0.285766
0.314424
0.355125
0.406803
0.328837
0.418621
0.296205
0.347283
0.399074
0.483309
0.447613
0.381088
0.508020
0.436304
0.416269
0.279248
0.481339
0.338018
0.379772
0.423738
0.315393
0.406851
0.308802
0.255399
0.401054
0.424667
0.456530
0.458136
0.391842
0.507170
0.287618
0.403775
0.342814
0.334786
0.327204
0.391155
0.330299
0.308662
0.341881
0.366446
0.388925
0.425102
0.368529
0.449869
0.333626
0.355782
0.404070
0.520419
0.251150
0.268017
0.262681
0.305532
0.402524
0.390860
0.433732
0.380079
0.470988
0.332540
0.384175
0.433566
0.253850
0.290121
0.271234
0.341202
0.370901
0.326287
0.280316
0.279217
0.436436
0.349469
0.431275
0.312909
0.240855
0.304056
0.349423
0.339267
0.208119
0.282634
0.311256
0.349578
0.220290
0.287542
0.558027
0.480682
0.277327
0.352225
0.333808
0.342576
0.292124
0.350123
0.445103
0.364210
0.284925
0.241246
0.348851
0.372831
0.335424
0.476111
0.206263
0.315029
0.278720
0.205466
0.411120
0.418103
0.282860
0.376152
0.363475
0.257205
0.443151
0.312115
0.473396
0.284115
0.401086
0.417799
0.244088
0.450907
0.486865
0.434757
0.326186
0.295771
0.253272
0.455004
0.338601
0.305673
0.464486
0.323855
0.375145
0.378582
0.359414
0.293259
0.414996
0.284322
0.390139
0.321449
0.391006
0.372095
0.378005
0.265911
0.347642
0.367988
0.438970
0.395671
0.404581
0.266573
0.264709
0.394294
0.421017
0.445774
0.323845
0.356268
0.355973
0.320098
0.281223
0.355415
0.209867
0.385769
0.418799
0.319781
0.403046
0.373103
0.220859
0.211157
0.351053
0.292954
0.397605
0.287790
0.295867
0.329380
0.272654
0.407568
0.386479
0.255014
0.317381
0.446503
0.355876
0.227311
0.307602
0.419883
0.325026
0.472714
0.258318
0.427451
0.411443
0.296970
0.334150
0.547071
0.391853
0.325710
0.497966
0.480484
0.448459
0.508094
0.297384
0.431477
0.389499
0.295299
0.373237
0.344743
0.337837
0.403251
0.354083
0.486667
0.460595
0.429615
0.399953
0.388031
0.356084
0.298990
0.392875
0.269170
0.376753
0.420753
0.327880
0.457122
0.378839
0.442794
0.287820
0.264395
0.490890
0.300451
0.320540
0.325944
0.421470
0.331131
0.380098
0.272668
0.283847
0.450144
0.291151
0.352091
0.600251
0.336485
0.321734
0.380472
0.402658
0.337101
0.342903
0.400796
0.433123
0.265147
0.493178
0.415257
0.395300
0.441025
0.313769
0.365698
0.588836
0.368674
0.234200
0.282369
0.327279
0.293731
0.266486
0.478585
0.418948
0.347142
0.377536
0.268494
0.437907
0.431634
0.435976
0.506926
0.410712
0.328509
0.264493
0.347364
0.590190
0.389130
0.305025
0.524991
0.302559
0.247843
0.407615
0.310644
0.470043
0.359890
0.313961
0.404873
0.182673
0.319836
0.410909
0.289185
0.378758
0.383796
0.349245
0.351499
0.412838
0.321721
0.351488
0.262205
0.422142
0.312387
0.286579
0.311848
0.405664
0.504259
0.323610
0.419594
0.371476
0.272157
0.526943
0.360401
0.350834
0.464507
0.318765
0.377700
0.319255
0.380806
0.406920
0.407188
0.321348
0.228304
0.343511
0.362845
0.315256
0.317870
0.289173
0.260585
0.309381
0.357918
0.362424
0.486224
0.418225
0.348861
0.285535
0.401179
0.293504
0.460187
0.269378
0.498342
0.475717
0.382042
0.423652
0.310570
0.342878
0.253409
0.362395
0.421946
0.404556
0.275917
0.296130
0.472331
0.369498
0.306787
0.475783
0.328566
0.369437
0.320165
0.376171
0.386819
0.388858
0.353776
0.231792
0.330506
0.329497
0.296205
0.266732
0.345470
0.447861
0.306144
0.320196
0.311186
0.272615
0.480003
0.341928
0.391437
0.343128
0.271747
0.441206
0.369056
0.188840
0.396640
0.373886
0.283519
0.459906
0.214980
0.398878
0.278845
0.307510
0.399276
0.268105
0.258625
0.368105
0.368213
0.291479
0.294143
0.334931
0.280742
0.350300
0.252479
0.335788
0.431895
0.304294
0.283507
0.195458
0.325733
0.270727
0.329324
0.310190
0.384973
0.318305
0.253483
0.342507
0.390604
0.350359
0.394751
0.380510
0.212065
0.388601
0.483744
0.395865
0.316858
0.299971
0.341195
0.508743
0.288787
0.399201
0.309829
0.282453
0.224869
0.288738
0.290642
0.288343
0.427407
0.280557
0.314113
0.402249
0.355795
0.227239
0.257529
0.298907
0.343128
0.381423
0.310010
0.293122
0.338680
0.353012
0.331851
0.232437
0.285985
0.381120
0.316631
0.240341
0.234054
0.375333
0.462500
0.266204
0.359593
0.287509
0.291118
0.345989
0.637954
0.303519
0.336172
0.297846
0.307081
0.245218
0.353081
0.266386
0.337842
0.320101
0.367245
0.448851
0.306313
0.203273
0.252775
0.294787
0.437385
0.285152
0.392725
0.262862
0.447628
0.267665
0.416232
0.321587
0.367043
0.494725
0.268113
0.343216
0.396523
0.422823
0.344934
0.330774
0.349515
0.381571
0.304688
0.498885
0.364926
0.399854
0.410459
0.322283
0.245993
0.259915
0.417729
0.446558
0.501550
0.315956
0.333730
0.303037
0.407380
0.339997
0.402666
0.277839
0.390120
0.416134
0.388926
0.362964
0.357804
0.462602
0.356130
0.328351
0.434869
0.359736
0.322112
0.244830
0.416562
0.332370
0.304656
0.270076
0.358874
0.421913
0.305072
0.277529
0.368872
0.325704
0.617927
0.417073
0.282664
0.339987
0.512738
0.270610
0.342962
0.330758
0.361553
0.336446
0.367129
0.450317
0.314856
0.493856
0.237090
0.457874
0.332853
0.188280
0.362687
0.325698
0.285810
0.353422
0.330842
0.301725
0.459457
0.394550
0.310913
0.234232
0.360241
0.297068
0.491159
0.334888
0.320364
0.471259
0.297522
0.312334
0.387977
0.274584
0.325837
0.393031
0.320334
0.329664
0.358142
0.287141
0.418214
0.378202
0.212911
0.435130
0.282697
0.333738
0.430094
0.369307
0.301800
0.570420
0.325317
0.368167
0.430005
0.341935
0.304844
0.416832
0.422964
0.314402
0.271913
0.399007
0.310235
0.340293
0.327250
0.371676
0.366450
0.355280
0.390452
0.317097
0.329217
0.250304
0.258038
0.255355
0.355417
0.388075
0.332141
0.272375
0.384718
0.195566
0.349164
0.312160
0.229032
0.583204
0.325988
0.246676
0.338206
0.415923
0.241343
0.361812
0.348900
0.464847
0.302989
0.314335
0.216589
0.359754
0.335763
0.381054
0.320168
0.410557
0.245009
0.372268
0.411060
0.275517
0.326691
0.474933
0.327559
0.309086
0.258360
0.430086
0.428337
0.295845
0.348821
0.366745
0.332252
0.288653
0.291086
0.338680
0.361410
0.315315
0.489415
0.363819
0.326275
0.298237
0.277985
0.319823
0.279321
0.411373
0.240219
0.366904
0.343467
0.321643
0.300471
0.298763
0.367086
0.354950
0.357611
0.352231
0.291814
0.352083
0.336808
0.345481
0.356080
0.298719
0.318437
0.440706
0.220577
0.338138
0.305934
0.243829
0.370666
0.364451
0.358293
0.232934
0.371956
0.364394
0.362612
0.295653
0.347420
0.306331
0.324674
0.396655
0.396643
0.242635
0.435890
0.341255
0.223553
0.183355
0.233637
0.495047
0.246624
0.393532
0.328867
0.433778
0.489587
0.283675
0.262335
0.305049
0.353477
0.549145
0.318561
0.328560
0.388382
0.282486
0.269365
0.388485
0.192180
0.395947
0.507962
0.473027
0.362193
0.312478
0.348793
0.396413
0.420204
0.388145
0.404083
0.325959
0.178610
0.556664
0.430642
0.263151
0.276736
0.230901
0.346750
0.431709
0.358557
0.365758
0.298909
0.399297
0.343003
0.369180
0.343804
0.458593
0.390435
0.321960
0.332371
0.470080
0.443683
0.462599
0.291613
0.292867
0.475800
0.249116
0.297534
0.304089
0.382385
0.288377
0.300020
0.259207
0.154794
0.407926
0.554151
0.350302
0.454573
0.399487
0.384972
0.316712
0.330560
0.397281
0.380351
0.275167
0.255364
0.291492
0.314740
0.328310
0.405520
0.341526
0.242544
0.261641
0.255372
0.240847
0.339455
0.260044
0.446675
0.429851
0.222374
0.373252
0.375400
0.304506
0.251381
0.276445
0.444804
0.387823
0.432792
0.356044
0.265606
0.320711
0.414955
0.338460
0.330766
0.310103
0.314612
0.377738
0.336150
0.366354
0.477041
0.359932
0.346838
0.638582
0.324746
0.302337
0.246401
0.272776
0.176741
0.361740
0.393851
0.309159
0.302375
0.362208
0.243501
0.263218
0.305058
0.389228
0.230898
0.339174
0.328586
0.304426
0.374903
0.268648
0.279106
0.363615
0.235658
0.275054
0.215790
0.262384
0.305968
0.341655
0.325455
0.318881
0.304194
0.180358
0.321420
0.330198
0.241240
0.431926
0.194603
0.333948
0.270196
0.179049
0.323467
0.455116
0.292256
0.199674
0.356859
0.227020
0.433137
0.380533
0.199136
0.305856
0.339347
0.301138
0.391621
0.356369
0.267312
0.229863
0.217111
0.387800
0.356202
0.323270
0.365024
0.327231
0.278602
0.441714
0.296978
0.314119
0.411720
0.303779
0.314309
0.238157
0.265775
0.330805
0.287381
0.469485
0.356208
0.333915
0.259528
0.195655
0.475144
0.386719
0.348335
0.271601
0.349030
0.281636
0.209786
0.491881
0.311138
0.432705
0.228739
0.390827
0.365978
0.272217
0.321088
0.328732
0.345974
0.244570
0.281388
0.250683
0.213781
0.325443
0.355608
0.292838
0.345609
0.345800
0.363897
0.244742
0.372413
0.216133
0.309502
0.348809
0.373997
0.291740
0.149133
0.217122
0.241321
0.345931
0.240563
0.311229
0.281460
0.294910
0.260845
0.299269
0.448735
0.277432
0.203631
0.199112
0.399334
0.306437
0.357804
0.287241
0.251955
0.298065
0.384627
0.367014
0.241592
0.369635
0.361024
0.403272
0.400108
0.358733
0.294481
0.307957
0.296440
0.386136
0.349466
0.194777
0.357409
0.362698
0.440555
0.320908
0.232079
0.410280
0.295050
0.275061
0.373045
0.288650
0.383888
0.421635
0.317324
0.286834
0.287087
0.398014
0.313014
0.290853
0.306409
0.386686
0.303415
0.381601
0.238717
0.287193
0.323947
0.327144
0.379779
0.384043
0.383780
0.450954
0.244495
0.217790
0.268749
0.248399
0.327141
0.329553
0.257766
0.364144
0.255903
0.308131
0.455012
0.321956
0.222944
0.240734
0.311405
0.230565
0.319900
0.510037
0.354627
0.237600
0.315833
0.303667
0.403740
0.246718
0.275903
0.283231
0.434671
0.349068
0.310553
0.380478
0.284268
0.376524
0.413965
0.302014
0.238357
0.259826
0.247484
0.331902
0.212769
0.350616
0.320195
0.196968
0.335386
0.300259
0.357805
0.326542
0.213538
0.323313
0.255146
0.344609
0.407749
0.254184
0.359496
0.300041
0.303952
0.268688
0.209228
0.299262
0.345376
0.324028
0.389920
0.331325
0.389617
0.277281
0.309024
0.312010
0.314829
0.387060
0.230161
0.430474
0.503119
0.465073
0.423208
0.272385
0.443680
0.295923
0.395031
0.475282
0.392868
0.307159
0.232957
0.342142
0.338567
0.328650
0.307987
0.395757
0.307124
0.391580
0.291730
0.478500
0.410084
0.220248
0.468467
0.365575
0.304099
0.425849
0.405638
0.312778
0.339584
0.349013
0.308238
0.402943
0.312570
0.268804
0.375909
0.414985
0.244849
0.283434
0.326174
0.401050
0.278656
0.276341
0.238484
0.400232
0.412740
0.305363
0.343066
0.498031
0.367614
0.295015
0.384522
0.298042
0.168828
0.333173
0.404833
0.169183
0.375629
0.296544
0.241967
0.284113
0.350452
0.329974
0.300724
0.256044
0.279321
0.300122
0.367752
0.389003
0.356530
0.180676
0.371487
0.313590
0.476963
0.248236
0.298848
0.254316
0.429238
0.299854
0.280651
0.394772
0.298233
0.187047
0.314829
0.219223
0.340514
0.298829
0.272311
0.280547
0.370492
0.233077
0.282137
0.253911
0.272116
0.385276
0.250197
0.504567
0.298547
0.508007
0.351499
0.328462
0.280791
0.336417
0.324483
0.196551
0.397975
0.272365
0.251212
0.342276
0.387512
0.331568
0.438027
0.271423
0.310409
0.234804
0.292651
0.271654
0.332390
0.384081
0.357768
0.285757
0.309256
0.314955
0.181778
0.275537
0.333926
0.420877
0.287972
0.317570
0.171398
0.432846
0.247261
0.480290
0.455844
0.376147
0.239191
0.250956
0.314691
0.351956
0.334237
0.447959
0.287373
0.365907
0.345816
0.278898
0.371408
0.205884
0.251386
0.254781
0.381440
0.303712
0.298977
0.340607
0.282541
0.324617
0.304670
0.368973
0.280528
0.289166
0.347336
0.287843
0.231631
0.302159
0.275916
0.239518
0.312487
0.348113
0.357687
0.198713
0.357571
0.292125
0.311032
0.285509
0.322485
0.366016
0.232571
0.223288
0.267957
0.290450
0.338947
0.338506
0.387586
0.317373
0.338591
0.325232
0.260358
0.195347
0.290054
0.273165
0.251128
0.224955
0.397401
0.178075
0.150370
0.460384
0.237886
0.258478
0.277316
0.228334
0.155625
0.334323
0.358578
0.204034
0.338480
0.279533
0.264444
0.346974
0.301157
0.315328
0.220650
0.396225
0.231400
0.204955
0.380934
0.250525
0.323480
0.320194
0.399647
0.243708
0.291505
0.245397
0.304537
0.347515
0.324100
0.315631
0.305838
0.340685
0.327040
0.298735
0.304408
0.214305
0.280628
0.268112
0.240606
0.329831
0.269308
0.286432
0.372927
0.267376
0.405567
0.197706
0.275510
0.283774
0.373305
0.391726
0.294853
0.296214
0.274787
0.245268
0.412254
0.365312
0.212654
0.325572
0.181583
0.316481
0.262448
0.321297
0.226817
0.194491
0.414609
0.175818
0.433818
0.366013
0.229975
0.308746
0.244797
0.306218
0.271114
0.400258
0.348452
0.334577
0.436337
0.380674
0.458956
0.307752
0.286641
0.280889
0.260854
0.355074
0.211866
0.306118
0.409990
0.289945
0.396062
0.382346
0.264248
0.205943
0.360344
0.266470
0.269321
0.248435
0.364439
0.442629
0.264599
0.209589
0.341986
0.277411
0.353997
0.314954
0.221072
0.248069
0.296597
0.515539
0.239924
0.288275
0.304248
0.319337
0.169542
0.538461
0.342957
0.312381
0.326723
0.290681
0.256438
0.310690
0.478804
0.282213
0.307486
0.323816
0.297241
0.327481
0.243421
0.252001
0.471890
0.273524
0.283809
0.320912
0.257271
0.283960
0.331747
0.260700
0.247613
0.364217
0.239555
0.347853
0.332409
0.271997
0.366915
0.313151
0.277377
0.294073
0.236593
0.252919
0.394564
0.360058
0.319859
0.369469
0.295773
0.309379
0.307126
0.343513
0.287155
0.341619
0.360340
0.261037
0.334522
0.407175
0.311187
0.232880
0.301065
0.217168
0.171005
0.401498
0.304269
0.273548
0.331974
0.423092
0.202109
0.287956
0.312431
0.279715
0.319477
0.214280
0.396676
0.340899
0.216549
0.308689
0.343822
0.311937
0.278100
0.357174
0.415283
0.330217
0.369530
0.253222
0.219094
0.324358
0.386898
0.310356
0.418552
0.217715
0.227800
0.270782
0.233843
0.406607
0.312719
0.385917
0.257212
0.275003
0.393036
0.253445
0.311272
0.388264
0.225050
0.203873
0.421458
0.337943
0.259255
0.261785
0.256071
0.434482
0.364600
0.283869
0.373115
0.231704
0.259232
0.298817
0.336234
0.289546
0.321671
0.278330
0.423929
0.367661
0.405641
0.254106
0.253889
0.370346
0.295790
0.325885
0.249817
0.275270
0.352910
0.250767
0.297440
0.321586
0.168838
0.332565
0.253574
0.279480
0.285239
0.348212
0.228857
0.211666
0.248303
0.240060
0.380589
0.281371
0.366781
0.346375
0.228063
0.264269
0.251901
0.248317
0.229690
0.351990
0.238178
0.320513
0.376786
0.325626
0.290337
0.293616
0.340812
0.338507
0.272343
0.168910
0.346154
0.228337
0.227345
0.305290
0.398129
0.371483
0.197314
0.382518
0.203261
0.336231
0.240819
0.308543
0.288403
0.245994
0.245217
0.248856
0.365396
0.363793
0.327526
0.314456
0.248721
0.321184
0.354456
0.411201
0.292839
0.232576
0.454662
0.234612
0.425026
0.196625
0.345429
0.349698
0.307067
0.361907
0.254538
0.276216
0.274203
0.415691
0.387782
0.295973
0.325684
0.374069
0.401621
0.236131
0.366437
0.340439
0.280842
0.236481
0.291818
0.284171
0.299134
0.237334
0.279429
0.290698
0.460234
0.233092
0.324838
0.395950
0.300074
0.256674
0.323774
0.358472
0.248930
0.223496
0.264527
0.257479
0.419952
0.337055
0.228125
0.320229
0.271323
0.400770
0.326620
0.272223
0.414436
0.363868
0.277065
0.145030
0.284512
0.203397
0.258202
0.254564
0.283410
0.338272
0.200738
0.289286
0.347438
0.384287
0.339140
0.303877
0.352434
0.255650
0.295379
0.226467
0.261844
0.207852
0.229895
0.243255
0.212588
0.281810
0.251780
0.274609
0.261293
0.312038
0.370566
0.212273
0.361692
0.212224
0.216128
0.229032
0.255241
0.300350
0.327087
0.324914
0.392542
0.252256
0.273986
0.275282
0.197544
0.276241
0.283538
0.336025
0.322682
0.306049
0.234477
0.320462
0.367703
0.367126
0.266165
0.264450
0.448762
0.210189
0.230389
0.304627
0.230690
0.426028
0.242529
0.353441
0.281510
0.341028
0.297916
0.227808
0.289709
0.307112
0.243661
0.392156
0.306535
0.250580
0.205308
0.209570
0.250812
0.356373
0.341936
0.295133
0.212949
0.233973
0.373338
0.312899
0.305364
0.305777
0.302137
0.274744
0.233955
0.224106
0.251909
0.219006
0.280753
0.214350
0.355648
0.196868
0.264798
0.330136
0.237021
0.206220
0.326794
0.185065
0.227664
0.274456
0.171771
0.208646
0.349027
0.331364
0.411995
0.215237
0.335180
0.317438
0.409864
0.188221
0.225861
0.294542
0.220714
0.154818
0.299119
0.324703
0.226356
0.360320
0.181384
0.276474
0.219471
0.342214
0.378677
0.327315
0.268156
0.198644
0.255310
0.329435
0.303904
0.209182
0.269310
0.144545
0.207183
0.263565
0.245719
0.388287
0.243915
0.241124
0.258979
0.307795
0.288192
0.323186
0.293727
0.349025
0.190733
0.223081
0.291806
0.434559
0.280145
0.258944
0.363211
0.276866
0.388491
0.374214
0.306099
0.213525
0.228640
0.289280
0.310238
0.262955
0.161114
0.312859
0.309381
0.367968
0.224001
0.320464
0.379730
0.326239
0.369981
0.204471
0.255858
0.289531
0.340086
0.197382
0.213832
0.291554
0.271857
0.377838
0.320360
0.260066
0.263241
0.198274
0.263086
0.309127
0.237033
0.405668
0.325631
0.330717
0.363960
0.258315
0.301207
0.268219
0.324257
0.218367
0.414663
0.292543
0.355021
0.272675
0.419291
0.250138
0.342068
0.228384
0.332875
0.190123
0.285692
0.202093
0.285025
0.328848
0.245928
0.160029
0.171234
0.307001
0.278296
0.168142
0.282777
0.210603
0.347990
0.254724
0.293871
0.260608
0.191559
0.266804
0.335030
0.334493
0.329054
0.264189
0.218983
0.205671
0.186465
0.247276
0.210548
0.131471
0.305656
0.262389
0.155656
0.198365
0.256589
0.292560
0.300216
0.249965
0.178639
0.310720
0.239709
0.214846
0.206200
0.335538
0.258128
0.310819
0.336960
0.209979
0.420386
0.164667
0.195153
0.277069
0.305425
0.166105
0.377917
0.304351
0.172851
0.197983
0.262202
0.407560
0.288933
0.283623
0.220031
0.387781
0.256213
0.271626
0.237776
0.443256
0.290456
0.282920
0.286047
0.281495
0.453226
0.348218
0.310421
0.290755
0.209203
0.177655
0.231647
0.320916
0.290209
0.263337
0.209481
0.237701
0.186298
0.316403
0.450888
0.294934
0.411422
0.248248
0.442866
0.339230
0.198706
0.248630
0.270598
0.265068
0.334475
0.277320
0.530136
0.286679
0.134431
0.282667
0.247968
0.215724
0.219935
0.272038
0.201623
0.235152
0.251269
0.257045
0.341810
0.214125
0.345333
0.274202
0.400348
0.185855
0.312111
0.365068
0.278345
0.330551
0.378864
0.237052
0.309778
0.344148
0.290295
0.276128
0.214740
0.216469
0.301135
0.291056
0.400786
0.274336
0.353297
0.284306
0.373618
0.211876
0.345033
0.229742
0.344737
0.267476
0.248839
0.249912
0.468990
0.257578
0.333537
0.249037
0.251345
0.206555
0.301140
0.229347
0.355091
0.414572
0.356181
0.347792
0.324537
0.444148
0.248059
0.325654
0.259194
0.306193
0.293013
0.316623
0.197031
0.240589
0.328982
0.300305
0.231629
0.340708
0.274270
0.369135
0.360320
0.391545
0.185580
0.374781
0.375155
0.261477
0.245235
0.188589
0.355623
0.343730
0.287591
0.431101
0.360700
0.272381
0.255832
0.409820
0.248170
0.186626
0.210327
0.279465
0.459703
0.244723
0.254995
0.212085
0.289122
0.193605
0.212787
0.345209
0.268257
0.300671
0.277799
0.174029
0.333094
0.284004
0.224561
0.237903
0.247745
0.262045
0.254358
0.228049
0.268476
0.129443
0.264405
0.243572
0.337792
0.122592
0.208347
0.227249
0.190707
0.348839
0.219025
0.291696
0.179885
0.232787
0.304477
0.223731
0.301963
0.289402
0.208391
0.306432
0.181665
0.357564
0.220611
0.282673
0.104762
0.180949
0.240275
0.239373
0.251286
0.325169
0.199739
0.313119
0.273494
0.166511
0.367942
0.219794
0.336541
0.201656
0.346432
0.277397
0.252332
0.330528
0.311072
0.345270
0.397052
0.253901
0.245692
0.422002
0.356570
0.324712
0.254876
0.452925
0.289080
0.235092
0.212539
0.317482
0.262380
0.291923
0.199104
0.246154
0.324060
0.257860
0.154473
0.316033
0.255116
0.344121
0.256837
0.363165
0.344374
0.280405
0.276964
0.275709
0.323197
0.168043
0.337122
0.275174
0.296201
0.197579
0.334861
0.318991
0.156475
0.220429
0.279959
0.217517
0.305280
0.247120
0.309614
0.311511
0.248670
0.302881
0.257708
0.266960
0.163130
0.250975
0.255593
0.293465
0.238992
0.198936
0.258296
0.160668
0.226078
0.348719
0.249414
0.369119
0.234535
0.224448
0.172954
0.254390
0.346251
0.349924
0.220092
0.241858
0.206156
0.249674
0.229009
0.421946
0.341614
0.394475
0.283141
0.361421
0.273711
0.287790
0.495805
0.271836
0.332817
0.224286
0.238238
0.262242
0.214081
0.239680
0.274076
0.322272
0.369820
0.313244
0.254570
0.233993
0.312030
0.349336
0.263172
0.382834
0.240303
0.286561
0.255524
0.245198
0.255784
0.248894
0.219422
0.212506
0.231940
0.259764
0.320612
0.213679
0.325069
0.359436
0.172133
0.312068
0.207893
0.306431
0.168893
0.243658
0.296913
0.148841
0.201504
0.195351
0.303324
0.212136
0.251553
0.211914
0.209970
0.169474
0.192336
0.300199
0.230465
0.366984
0.299575
0.239461
0.272264
0.309961
0.265474
0.238824
0.299561
0.285367
0.228038
0.275935
0.167190
0.445736
0.295771
0.314792
0.386499
0.285870
0.244283
0.196158
0.349263
0.323181
0.282610
0.244137
0.231486
0.370500
0.279905
0.223099
0.363065
0.320309
0.180210
0.286552
0.182359
0.353077
0.207296
0.222078
0.490069
0.208029
0.283545
0.425383
0.283745
0.274064
0.213857
0.234493
0.385525
0.195584
0.287764
0.371498
0.357716
0.377796
0.374737
0.188005
0.243388
0.303670
0.357592
0.416375
0.241870
0.237964
0.233492
0.287583
0.457197
0.228646
0.162290
0.335791
0.223742
0.220136
0.272160
0.442184
0.411089
0.275569
0.230425
0.364303
0.379665
0.192961
0.274678
0.306547
0.283941
0.252150
0.420522
0.206616
0.281682
0.248327
0.301200
0.231100
0.265254
0.340096
0.281739
0.473636
0.333291
0.349665
0.203118
0.288964
0.234113
0.371243
0.274284
0.296466
0.195245
0.258325
0.162626
0.363179
0.209761
0.239954
0.281075
0.285476
0.241990
0.238279
0.279839
0.282414
0.275852
0.302776
0.246529
0.257633
0.250579
0.330434
0.345765
0.236693
0.375621
0.237532
0.255956
0.385684
0.204309
0.257280
0.366835
0.233626
0.215284
0.299730
0.479956
0.224485
0.283428
0.276660
0.258509
0.249983
0.213444
0.295416
0.262494
0.351608
0.344237
0.251238
0.317112
0.378547
0.328420
0.220632
0.187673
0.283569
0.162519
0.289551
0.163740
0.295970
0.239842
0.167755
0.309285
0.335526
0.122477
0.268332
0.264820
0.288090
0.296417
0.348669
0.229667
0.308664
0.230681
0.344151
0.326385
0.266698
0.425626
0.321646
0.287744
0.303416
0.249989
0.253223
0.275201
0.313495
0.283303
0.260383
0.175619
0.240991
0.346798
0.168697
0.205745
0.404109
0.262634
0.262318
0.297406
0.297999
0.198646
0.208445
0.478537
0.232565
0.143406
0.206063
0.266747
0.374623
0.321828
0.201107
0.321273
0.310995
0.212405
0.262212
0.240004
0.226328
0.221631
0.300674
0.324324
0.292812
0.373462
0.211997
0.264282
0.326987
0.220381
0.369804
0.235412
0.341046
0.233804
0.206890
0.206264
0.147080
0.241882
0.386539
0.315560
0.264785
0.193392
0.272923
0.228788
0.160144
0.300857
0.204999
0.235623
0.199360
0.328018
0.253252
0.140144
0.232318
0.218990
0.321066
0.333464
0.292468
0.244931
0.215395
0.222142
0.183430
0.266224
0.187614
0.285692
0.164094
0.211815
0.286956
0.328912
0.396832
0.245715
0.149547
0.209873
0.271910
0.181029
0.202453
0.175496
0.251059
0.166227
0.416461
0.267990
0.236431
0.302618
0.212887
0.349544
0.188031
0.247620
0.167380
0.199018
0.350270
0.157996
0.113958
0.387336
0.219235
0.222812
0.235112
0.190709
0.270569
0.225376
0.172959
0.209430
0.220994
0.276444
0.402283
0.247985
0.233224
0.318479
0.202124
0.253030
0.302417
0.269995
0.280613
0.277697
0.209179
0.171537
0.140537
0.316394
0.159941
0.322026
0.302018
0.241747
0.223148
0.281770
0.282300
0.246601
0.315713
0.250639
0.263197
0.171247
0.309253
0.277392
0.169247
0.354890
0.257172
0.267286
0.320845
0.337845
0.271818
0.226662
0.163652
0.286059
0.364374
0.169509
0.139710
0.244657
0.365013
0.251534
0.315243
0.418931
0.260812
0.141250
0.356150
0.312275
0.273044
0.326764
0.253921
0.271483
0.189344
0.309175
0.279961
0.282523
0.326164
0.271259
0.188083
0.316834
0.293678
0.179305
0.218866
0.142285
0.252431
0.310013
0.303748
0.350590
0.138835
0.194231
0.115475
0.175596
0.231825
0.375455
0.399430
0.266718
0.298339
0.288891
0.118214
0.272674
0.217692
0.226397
0.264810
0.197913
0.375498
0.195293
0.216925
0.345393
0.343811
0.260680
0.255056
0.279588
0.322715
0.385078
0.207485
0.346696
0.250329
0.263959
0.314017
0.186372
0.230674
0.216910
0.235428
0.254396
0.235598
0.210944
0.182338
0.293994
0.244692
0.189208
0.232017
0.164446
0.317402
0.414986
0.249357
0.176095
0.269221
0.282573
0.337203
0.221424
0.306432
0.332538
0.303439
0.229615
0.323416
0.248343
0.229797
0.242862
0.234936
0.275359
0.351970
0.227574
0.357432
0.218927
0.375659
0.312493
0.318874
0.283418
0.328407
0.276883
0.212963
0.279644
0.313206
0.300922
0.267471
0.264331
0.104462
0.210351
0.312690
0.286133
0.233412
0.360241
0.286301
0.275970
0.239125
0.224584
0.183774
0.330757
0.202088
0.197545
0.217836
0.286405
0.403836
0.297743
0.265797
0.376432
0.273041
0.188604
0.309725
0.239456
0.223347
0.327875
0.279057
0.248748
0.363789
0.143875
0.170162
0.306373
0.293266
0.295083
0.276079
0.217556
0.278935
0.274980
0.275433
0.274587
0.221676
0.166257
0.246843
0.253070
0.227477
0.284133
0.131908
0.280446
0.332900
0.217253
0.202688
0.236013
0.278161
0.141009
0.367433
0.273513
0.228398
0.238794
0.365067
0.208471
0.139755
0.194843
0.223984
0.285408
0.170241
0.246518
0.299659
0.287413
0.307220
0.216073
0.340227
0.322168
0.374195
0.266913
0.171430
0.320440
0.254370
0.310486
0.218621
0.195456
0.309291
0.239419
0.224436
0.188101
0.271947
0.230251
0.287888
0.336225
0.326836
0.201649
0.164735
0.228896
0.244864
0.283079
0.261987
0.333877
0.341295
0.268182
0.195834
0.188430
0.255926
0.162637
0.373855
0.234732
0.362733
0.247136
0.203771
0.211820
0.206942
0.407908
0.178730
0.215345
0.222974
0.163258
0.257920
0.205592
0.226673
0.244812
0.214514
0.240732
0.277455
0.190632
0.149368
0.254617
0.280214
0.434768
0.189545
0.278403
0.311955
0.223619
0.140625
0.350292
0.209959
0.361927
0.184767
0.355009
0.210205
0.250531
0.168327
0.188800
0.293669
0.340374
0.291557
0.294814
0.250843
0.292203
0.244860
0.298279
0.275106
0.353074
0.110779
0.255135
0.205429
0.333491
0.209603
0.161478
0.222338
0.151309
0.166327
0.260444
0.313968
0.131969
0.292307
0.235257
0.246828
0.146339
0.237331
0.219918
0.393646
0.194513
0.208864
0.271696
0.135108
0.278566
0.265104
0.181499
0.314147
0.251407
0.255447
0.238821
0.225692
0.185291
0.320412
0.189021
0.192189
0.184308
0.221802
0.148683
0.198743
0.227685
0.240583
0.169337
0.229212
0.376479
0.334646
0.230593
0.229355
0.341288
0.331588
0.329220
0.178587
0.273248
0.245552
0.192093
0.236851
0.175843
0.283649
0.252942
0.234469
0.227879
0.284851
0.248611
0.233942
0.179640
0.145724
0.198327
0.309374
0.174561
0.233787
0.190321
0.307430
0.286771
0.240844
0.298537
0.195583
0.202618
0.168842
0.231733
0.245334
0.230009
0.311104
0.134894
0.231132
0.231086
0.294954
0.202513
0.186945
0.229927
0.244139
0.352942
0.203369
0.287645
0.236337
0.248073
0.386286
0.295737
0.334722
0.312506
0.265891
0.201412
0.221609
0.285501
0.191120
0.173530
0.343666
0.185413
0.183341
0.249227
0.321886
0.277057
0.225473
0.248830
0.271423
0.208784
0.319522
0.302203
0.272381
0.267344
0.168409
0.277579
0.110106
0.256104
0.203198
0.201056
0.196650
0.192762
0.370657
0.125337
0.205609
0.131808
0.254012
0.244261
0.307751
0.220077
0.269526
0.164959
0.278869
0.162732
0.251865
0.145517
0.210680
0.310587
0.152776
0.266028
0.249994
0.333952
0.311271
0.255009
0.226077
0.166873
0.323206
0.260003
0.240217
0.229648
0.283744
0.263029
0.194997
0.189947
0.267701
0.242949
0.161308
0.127744
0.195851
0.315629
0.187237
0.229535
0.255443
0.299608
0.108388
0.276435
0.201166
0.198637
0.324531
0.210441
0.186517
0.254015
0.373196
0.403759
0.278943
0.236400
0.290912
0.210447
0.245369
0.181042
0.267455
0.309587
0.190402
0.245618
0.334512
0.226074
0.197256
0.271833
0.220779
0.199554
0.263678
0.256448
0.377268
0.259163
0.282013
0.231040
0.178884
0.182963
0.253576
0.205998
0.319010
0.233929
0.358157
0.307269
0.225732
0.144235
0.211757
0.203554
0.120427
0.248075
0.196282
0.259598
0.258815
0.180046
0.383188
0.264922
0.326310
0.304917
0.240771
0.210601
0.323839
0.478642
0.314821
0.310648
0.300625
0.335750
0.359086
0.240065
0.486910
0.245584
0.239353
0.384329
0.243301
0.305455
0.186054
0.258897
0.304371
0.276839
0.152815
0.387056
0.231953
0.285565
0.267808
0.185709
0.351520
0.292796
0.150200
0.313437
0.168811
0.251068
0.220304
0.307740
0.174644
0.320251
0.191896
0.180020
0.195802
0.302938
0.277874
0.153714
0.153827
0.259550
0.204921
0.282244
0.260816
0.206258
0.271554
0.145157
0.150182
0.262468
0.164460
0.204083
0.202299
0.215186
0.149182
0.238623
0.323785
0.241707
0.303642
0.254250
0.321171
0.180508
0.162738
0.160592
0.117176
0.322549
0.363939
0.204205
0.270431
0.284449
0.225649
0.176352
0.226596
0.277484
0.250043
0.190103
0.346929
0.132634
0.181997
0.306232
0.444517
0.259150
0.276459
0.308802
0.250290
0.188845
0.277759
0.236280
0.215489
0.395692
0.322516
0.297224
0.229669
0.236848
0.185972
0.253990
0.243067
0.297079
0.161073
0.284494
0.227364
0.343869
0.281224
0.328473
0.229912
0.248372
0.202778
0.378596
0.294842
0.405080
0.251303
0.193544
0.230433
0.231314
0.238818
0.188025
0.315436
0.177454
0.281605
0.243940
0.282256
0.191678
0.208086
0.229143
0.307386
0.269972
0.233338
0.230172
0.276791
0.284210
0.223966
0.235906
0.192941
0.263067
0.140151
0.313190
0.241220
0.261735
0.275797
0.297508
0.234692
0.110112
0.396511
0.413639
0.246676
0.343669
0.177217
0.351229
0.269448
0.234822
0.222147
0.226051
0.257825
0.297447
0.190405
0.237493
0.218353
0.328821
0.287114
0.231161
0.316591
0.196758
0.192487
0.302183
0.182635
0.291230
0.219896
0.235763
0.165782
0.180762
0.239474
0.268004
0.110428
0.225594
0.286852
0.208425
0.127818
0.283325
0.252659
0.211150
0.156451
0.187490
0.210948
0.179705
0.404745
0.330555
0.232252
0.261691
0.244969
0.208063
0.291357
0.208848
0.260824
0.297553
0.198841
0.155860
0.314333
0.160247
0.383334
0.291894
0.154041
0.196783
0.198626
0.287613
0.129642
0.312874
0.206803
0.263830
0.168330
0.171412
0.175932
0.248592
0.219633
0.211016
0.296722
0.168978
0.215672
0.167392
0.196856
0.275855
0.193718
0.167149
0.260891
0.193677
0.227536
0.227017
0.175753
0.162760
0.152250
0.202482
0.097389
0.228176
0.227673
0.191236
0.210907
0.192686
0.292868
0.238236
0.213687
0.380690
0.186021
0.244474
0.329276
0.282011
0.320958
0.154060
0.278249
0.152375
0.237791
0.244592
0.238289
0.139559
0.209334
0.306271
0.306526
0.256363
0.240394
0.169475
0.235395
0.179843
0.188734
0.113291
0.229106
0.163638
0.188325
0.209480
0.165717
0.141024
0.201726
0.198357
0.113561
0.138146
0.349584
0.366428
0.272445
0.173979
0.221925
0.222698
0.144642
0.261720
0.124622
0.350004
0.227964
0.343737
0.228005
0.199660
0.263704
0.265514
0.202807
0.310636
0.287239
0.223173
0.201510
0.271858
0.219913
0.222757
0.232225
0.351465
0.228932
0.213634
0.217614
0.132049
0.219013
0.203514
0.167764
0.292084
0.217165
0.288957
0.279342
0.247703
0.216365
0.172196
0.123626
0.244634
0.218654
0.303622
0.338592
0.159274
0.301253
0.198350
0.306611
0.257868
0.256195
0.230635
0.272927
0.182664
0.144909
0.279729
0.134975
0.290470
0.243725
0.318854
0.335118
0.276065
0.265231
0.355364
0.240784
0.307247
0.237983
0.179399
0.216129
0.316494
0.221858
0.226363
0.271338
0.319065
0.260831
0.172898
0.192560
0.265528
0.178741
0.290592
0.191387
0.148734
0.206023
0.271355
0.244343
0.244103
0.155543
0.226542
0.252488
0.157946
0.116286
0.178128
0.241824
0.319217
0.127205
0.319725
0.130172
0.259483
0.216828
0.178065
0.175843
0.214940
0.152549
0.292764
0.205818
0.278591
0.214386
0.192468
0.208964
0.205032
0.195310
0.318625
0.236009
0.174633
0.225067
0.177163
0.339436
0.180713
0.253138
0.253691
0.192850
0.233103
0.194038
0.204168
0.234436
0.236369
0.180129
0.314198
0.248807
0.297107
0.436637
0.250075
0.272928
0.357123
0.281744
0.262691
0.361095
0.197402
0.203879
0.161218
0.291912
0.201239
0.285376
0.208729
0.273907
0.292243
0.205736
0.256288
0.166559
0.261640
0.197951
0.175152
0.227271
0.208200
0.250035
0.180542
0.397507
0.196527
0.146202
0.241025
0.225267
0.299994
0.247711
0.265551
0.262178
0.154078
0.194680
0.168375
0.199589
0.254110
0.170858
0.290992
0.265198
0.129393
0.172045
0.145008
0.185575
0.325971
0.220253
0.175097
0.197257
0.180223
0.190996
0.236631
0.352057
0.175363
0.268438
0.239316
0.163370
0.124984
0.226549
0.168536
0.288195
0.261914
0.164736
0.185628
0.248514
0.298174
0.196728
0.221319
0.223659
0.279280
0.212894
0.244828
0.190203
0.228012
0.215238
0.291303
0.250437
0.273680
0.237059
0.231932
0.370198
0.260978
0.297637
0.361643
0.268361
0.252761
0.266762
0.247202
0.120466
0.372851
0.344967
0.412443
0.332868
0.280599
0.363720
0.149852
0.215775
0.245512
0.268774
0.301386
0.208334
0.219792
0.205179
0.234128
0.239627
0.201181
0.218752
0.237899
0.296674
0.283072
0.200590
0.376852
0.230652
0.178283
0.295137
0.260403
0.269347
0.189357
0.234932
0.249804
0.321332
0.254711
0.212316
0.192183
0.252776
0.224175
0.242626
0.299459
0.230940
0.193008
0.318818
0.298091
0.357559
0.333964
0.329230
0.251916
0.201374
0.313834
0.265014
0.217499
0.114502
0.138029
0.322517
0.332704
0.207682
0.148680
0.230356
0.418436
0.168162
0.274855
0.179896
0.329483
0.263744
0.150125
0.253339
0.122410
0.092006
0.221075
