2.302968
11.828885
2.305096
2.301374
2.301941
2.299023
2.332568
2.305951
2.300145
2.297814
2.295902
2.304960
2.302000
2.308263
2.308142
2.303912
2.308838
2.306129
2.303586
2.303913
2.305068
2.302476
2.307404
2.302632
2.303274
2.308690
2.304896
2.304573
2.302130
2.307743
2.299515
2.303163
2.301302
2.304235
2.307183
2.304173
2.303768
2.302251
2.303472
2.304107
2.302143
2.304012
2.301055
2.304504
2.304540
2.301084
2.301125
2.302437
2.302233
2.303081
2.306600
2.300559
2.303653
2.304011
2.307449
2.301753
2.300476
2.302850
2.299602
2.302057
2.302884
2.298639
2.303196
2.303536
2.305079
2.303108
2.299099
2.301012
2.305240
2.302089
2.302450
2.301856
2.305226
2.300616
2.299946
2.302952
2.302505
2.303661
2.301445
2.304218
2.298510
2.295411
2.302324
2.305904
2.304639
2.306821
2.304005
2.305498
2.300675
2.300774
2.301410
2.303495
2.306681
2.304320
2.303576
2.301958
2.307171
2.301963
2.300807
2.309837
2.305158
2.305258
2.304096
2.305424
2.289915
2.306799
2.298940
2.302413
2.301779
2.304077
2.302119
2.304314
2.296196
2.606228
2.299497
2.300699
2.305104
2.303886
2.304690
2.302605
2.303862
2.303932
2.298116
2.302777
2.304003
2.303288
2.302549
2.299114
2.303989
2.265534
2.327739
2.292340
2.279236
2.279241
2.232426
2.339792
2.259208
2.244612
2.222313
2.217907
2.256953
2.266772
2.226743
2.210423
2.380306
2.227300
2.221767
2.252503
2.253133
2.245022
2.252891
2.238740
2.216922
2.224478
2.129624
2.134106
2.215755
2.220462
2.225181
2.262402
2.238733
2.242332
2.133640
2.123572
2.144967
2.034218
2.020150
2.001683
2.207893
2.269264
2.191904
2.237404
2.248748
2.203262
2.186756
2.157969
2.104930
2.073601
2.138427
2.015746
2.083250
2.109036
2.177873
2.244568
2.076231
2.123613
2.149558
2.074856
2.086053
2.112269
2.141033
2.144760
2.152753
2.090764
2.039510
2.088032
2.108897
2.042813
2.050094
2.066216
2.104067
2.129034
1.990498
2.100237
2.041038
2.046670
2.024734
2.211007
2.111110
1.977439
2.056291
2.129997
1.936453
2.051221
2.059181
2.043068
2.101460
1.971408
2.091781
2.190954
2.027399
1.971677
1.951228
2.003468
2.042542
1.969622
2.042480
1.939723
1.959905
1.910195
1.969175
1.997483
1.976861
1.872133
2.038248
1.967581
1.961065
1.945334
1.925485
1.904285
1.937762
1.897397
1.936725
1.934614
1.960201
1.882860
2.075318
2.055255
1.874573
1.994832
1.909714
2.042752
1.978247
1.959926
2.030905
2.080319
1.901153
2.064527
1.954063
2.014250
1.899684
1.930870
1.941231
1.970131
1.946202
1.940307
1.892634
1.828637
2.027074
1.969847
1.918265
1.870980
1.933403
1.948311
1.948896
1.897940
1.859468
1.913212
1.906170
1.893429
1.913479
1.918438
1.917186
1.876761
1.852815
1.997891
1.962670
1.927339
1.944384
1.911679
1.908451
1.875128
1.921539
1.916887
1.794329
2.028383
2.104152
1.800632
1.975140
1.940761
1.967106
1.980211
1.918979
1.913661
1.947283
1.884324
2.186418
1.911094
2.011156
1.927364
1.939635
1.987236
1.902221
2.020163
1.846198
1.911583
1.946030
1.995084
1.936382
1.943477
2.047378
1.980421
2.032016
1.852157
1.944968
1.932677
1.907212
1.948339
1.970738
1.773330
1.893674
1.829464
1.829170
1.871079
2.025864
1.818975
1.854197
1.889193
1.821628
1.919436
1.953575
1.913583
1.926347
1.890095
1.922961
1.982202
1.915704
1.861081
1.946472
1.745242
1.794090
1.891379
1.856095
1.938822
1.891388
1.852446
1.950296
1.872903
1.848055
1.896116
1.883480
1.838210
1.780115
1.914790
1.882035
1.846879
1.883586
1.867007
1.833755
1.857195
1.850809
1.955281
1.877331
1.840829
1.897994
1.996148
1.992838
1.932130
2.027366
2.005683
1.994936
1.842694
1.888028
1.802597
1.886186
1.833468
1.784493
1.862785
1.887321
2.030152
1.847372
1.863761
1.871640
1.869569
1.794071
1.901234
1.769882
1.726676
1.865289
1.967877
1.876135
1.729260
1.988678
2.011756
1.914299
1.835104
1.930151
1.862040
1.845081
1.876304
1.857334
1.857707
1.866564
1.734724
1.806325
1.879399
1.730394
1.973439
1.840053
1.943406
1.815115
1.870315
1.879847
1.871955
1.838441
1.844055
1.796926
1.818616
1.693422
1.812609
1.914356
1.770279
1.870203
1.820825
1.917978
1.825457
1.779602
1.889909
1.912458
1.900474
1.810421
1.715410
1.915603
1.808968
1.845741
1.782667
1.889690
1.874145
1.942738
1.962436
1.915012
1.727972
1.812652
1.777418
1.803098
1.755416
1.662795
1.829899
1.841730
1.831972
1.740425
1.700443
1.779379
1.922370
1.786822
1.836358
1.821509
1.827646
1.766340
2.000518
1.857467
1.838394
1.838187
1.800084
1.810369
1.818532
1.832691
1.704882
1.700936
1.709231
1.867730
1.647189
1.739199
1.702869
1.679383
1.752692
1.766895
1.963045
1.708767
1.795202
1.865148
1.689496
1.815530
1.839862
1.632547
1.813828
1.875733
1.898839
1.725976
1.910071
1.735766
1.832410
1.801080
1.808503
1.754512
1.873630
1.704895
1.871495
1.787341
1.728430
1.781464
1.748135
1.718600
1.807796
1.833412
1.771334
1.835680
1.789405
1.884182
1.835778
1.704523
1.715021
1.855493
1.840751
1.675318
1.738125
1.700242
1.798007
1.685154
1.871809
1.796843
1.708782
1.809493
1.754489
1.745700
1.713861
1.691626
1.640831
1.689460
1.864840
1.757175
1.705809
1.724913
1.773270
1.698879
1.872009
1.742983
1.796126
1.804408
1.755552
1.837142
1.913294
1.786835
1.789139
1.847014
1.656853
1.788979
1.739197
1.761366
1.688626
1.710309
1.752682
1.749203
1.683357
1.738387
1.714450
1.778639
1.763286
1.683059
1.648770
1.746030
1.789522
1.637766
1.767899
1.841670
1.688021
1.796899
1.796435
1.635221
1.703589
1.783179
1.678587
1.795372
1.863209
1.646149
1.844897
1.733872
1.796990
1.658403
1.826982
1.832542
1.736233
1.544731
1.764109
1.701725
1.798833
1.890658
1.759937
1.774057
1.541833
1.651316
1.607419
1.762061
1.662406
1.669185
1.699607
1.715037
1.734038
1.705579
1.620012
1.864597
1.653363
1.793390
1.674207
1.686640
1.672298
1.532039
1.663570
1.684240
1.775465
1.678215
1.779927
1.608350
1.835194
1.701234
1.670098
1.716132
1.725779
1.667206
1.696627
1.962778
1.676756
1.734984
1.724952
1.585613
1.771916
1.621008
1.602561
1.803245
1.625672
1.659863
1.788020
1.787804
1.499564
1.622484
1.657867
1.651615
1.683864
1.604303
1.757505
1.542458
1.513274
1.640666
1.473333
1.757553
1.625304
1.488158
1.657870
1.685887
1.621338
1.700801
1.667291
1.732718
1.466107
1.644661
1.671116
1.785000
1.625356
1.588950
1.810752
1.592435
1.845019
1.722779
1.589517
1.871541
1.910480
1.674014
1.748800
1.664375
1.782424
1.678045
1.730406
1.622041
1.649853
1.786691
1.578937
1.732778
1.705722
1.676655
1.760146
1.762235
1.731832
1.596715
1.557571
1.659198
1.689264
1.643544
1.754292
1.720302
1.499415
1.668812
1.660044
1.682018
1.652421
1.638831
1.574630
1.534847
1.731274
1.503103
1.606461
1.589465
1.725558
1.568986
1.590158
1.528501
1.609940
1.621384
1.771760
1.754647
1.686615
1.750504
1.792446
1.627360
1.551752
1.654441
1.638838
1.651467
1.575330
1.564371
1.565231
1.569227
1.692601
1.670066
1.532880
1.628195
1.776905
1.511528
1.741513
1.450528
1.654793
1.755997
1.521697
1.680012
1.583565
1.723021
1.756613
1.401973
1.602021
1.563921
1.402341
1.590577
1.580004
1.580979
1.553596
1.564394
1.649924
1.741369
1.411950
1.612454
1.545566
1.695857
1.468010
1.689957
1.583763
1.656291
1.638784
1.588891
1.637331
1.515282
1.592243
1.535834
1.512961
1.534491
1.501057
1.580000
1.633455
1.591877
1.650318
1.608854
1.529985
1.741518
1.601433
1.522387
1.525354
1.601046
1.640116
1.588472
1.518769
1.658721
1.606526
1.632894
1.598462
1.623240
1.543966
1.739245
1.527905
1.515063
1.457950
1.661657
1.479352
1.640959
1.603727
1.515226
1.487483
1.473813
1.612154
1.613740
1.731920
1.507947
1.580893
1.572979
1.535366
1.343193
1.578780
1.560698
1.638627
1.644715
1.496540
1.481924
1.614187
1.638599
1.536039
1.590574
1.632675
1.561666
1.748762
1.506950
1.517625
1.679312
1.557175
1.534100
1.491864
1.486426
1.485538
1.412338
1.693363
1.576898
1.588313
1.542056
1.671739
1.596672
1.542346
1.593733
1.558013
1.645037
1.441297
1.510868
1.606028
1.481994
1.424634
1.583315
1.643271
1.501230
1.506538
1.591472
1.381457
1.346297
1.486280
1.443096
1.522406
1.573150
1.541353
1.463320
1.497239
1.522615
1.544958
1.577501
1.440220
1.576749
1.663197
1.512177
1.542023
1.640362
1.764006
1.487417
1.400622
1.476314
1.366479
1.593957
1.545026
1.517352
1.826806
1.616477
1.534860
1.461572
1.457893
1.674534
1.544210
1.641325
1.572156
1.681053
1.481322
1.486608
1.476234
1.522586
1.381670
1.397347
1.406303
1.533334
1.321463
1.381740
1.643075
1.529930
1.494986
1.540111
1.529370
1.643689
1.381264
1.571858
1.544027
1.463645
1.552161
1.656547
1.663242
1.526705
1.623506
1.586838
1.469570
1.535077
1.412531
1.492254
1.581193
1.501145
1.580388
1.620859
1.505602
1.450281
1.478112
1.696136
1.611388
1.586465
1.533745
1.483853
1.389929
1.513337
1.459153
1.416636
1.432193
1.502855
1.627612
1.465414
1.574432
1.426530
1.420760
1.450234
1.573990
1.466834
1.559891
1.627473
1.325636
1.469367
1.511297
1.784681
1.608313
1.537779
1.616153
1.774207
1.922911
1.784708
1.654095
1.632114
1.549634
1.667864
1.709813
1.535985
1.632190
1.493836
1.516778
1.503687
1.718330
1.507322
1.543169
1.714468
1.457386
1.630658
1.649358
1.481307
1.476281
1.630789
1.573680
1.530252
1.501744
1.489505
1.627203
1.467344
1.418289
1.415661
1.474834
1.645294
1.518967
1.630774
1.534321
1.675767
1.520138
1.539844
1.484731
1.480019
1.512801
1.777282
1.513447
1.346908
1.441414
1.473224
1.386999
1.393416
1.465839
1.398286
1.466071
1.643351
1.395127
1.286702
1.583143
1.499615
1.634359
1.482904
1.671273
1.674365
1.531106
1.598733
1.518037
1.554589
1.508322
1.576019
1.558441
1.571856
1.506787
1.492019
1.401127
1.467820
1.578132
1.626408
1.439692
1.440200
1.487384
1.513554
1.650548
1.443166
1.588748
1.619653
1.414835
1.393353
1.555522
1.466705
1.701091
1.560769
1.465423
1.459857
1.704925
1.416576
1.618954
1.576062
1.489326
1.410717
1.528441
1.382012
1.405989
1.570529
1.329400
1.463301
1.488778
1.627254
1.423856
1.386793
1.390741
1.432509
1.540751
1.566998
1.536782
1.404171
1.361806
1.592595
1.385254
1.557990
1.429841
1.271032
1.273402
1.524364
1.573958
1.530872
1.505193
1.434797
1.452991
1.508278
1.468950
1.644674
1.386897
1.349485
1.567952
1.470815
1.418586
1.432420
1.408688
1.410437
1.462617
1.376264
1.558269
1.301343
1.464096
1.377396
1.249034
1.569614
1.522927
1.478368
1.469450
1.282297
1.440252
1.298368
1.436511
1.382174
1.416475
1.430151
1.414898
1.439614
1.352898
1.344724
1.391313
1.304584
1.272218
1.250884
1.495406
1.352757
1.502935
1.511508
1.459596
1.313910
1.351993
1.497201
1.527022
1.403890
1.509404
1.565712
1.459998
1.569998
1.355658
1.497941
1.445931
1.660981
1.463727
1.457287
1.718142
1.572602
1.475815
1.498887
1.396205
1.443715
1.329351
1.247298
1.521017
1.618929
1.377524
1.419844
1.488081
1.634089
1.361385
1.426956
1.403484
1.495474
1.499722
1.307139
1.367643
1.404483
1.190109
1.333427
1.398965
1.378798
1.307057
1.369937
1.399447
1.580573
1.648531
1.384043
1.310395
1.593245
1.449202
1.318267
1.487915
1.443354
1.317960
1.465382
1.285787
1.330922
1.420502
1.545078
1.287668
1.309888
1.411064
1.305450
1.385697
1.590057
1.522977
1.290105
1.303121
1.351243
1.233796
1.243325
1.482204
1.520654
1.323070
1.374153
1.566720
1.452987
1.336331
1.223024
1.281686
1.388058
1.359184
1.378714
1.372244
1.333740
1.526847
1.213654
1.393741
1.321263
1.242516
1.294956
1.360070
1.374019
1.426636
1.378391
1.348318
1.203642
1.357049
1.441729
1.410758
1.306193
1.260086
1.431578
1.320836
1.323121
1.266972
1.277447
1.394960
1.270898
1.326191
1.637387
1.465651
1.411562
1.393190
1.340876
1.443526
1.565587
1.340988
1.559847
1.332997
1.429175
1.373376
1.331173
1.370613
1.412714
1.318821
1.485267
1.266496
1.485899
1.527014
1.332218
1.450570
1.193890
1.416038
1.465621
1.488773
1.316235
1.518559
1.422951
1.346259
1.366109
1.503091
1.319835
1.386451
1.316064
1.435730
1.410945
1.492242
1.494235
1.383650
1.312867
1.439524
1.402647
1.320260
1.353089
1.398206
1.315219
1.207438
1.535587
1.437807
1.248967
1.274429
1.344544
1.450575
1.108337
1.461807
1.349329
1.443427
1.320257
1.343548
1.328133
1.328210
1.251521
1.181437
1.419760
1.445809
1.340604
1.443205
1.237910
1.273727
1.471118
1.469073
1.235409
1.202292
1.476680
1.376104
1.437831
1.154884
1.283974
1.360059
1.388325
1.399941
1.326157
1.227197
1.226333
1.302908
1.362627
1.412395
1.272382
1.463373
1.291078
1.232293
1.392687
1.445416
1.370768
1.215618
1.512395
1.202233
1.472237
1.375114
1.559530
1.251625
1.487074
1.297181
1.432902
1.409778
1.495890
1.316635
1.241058
1.301641
1.489725
1.283368
1.472250
1.270455
1.319970
1.464853
1.317298
1.392664
1.256674
1.450654
1.374276
1.394032
1.382923
1.371897
1.314620
1.315416
1.184555
1.429567
1.322299
1.379080
1.510224
1.441512
1.403097
1.315833
1.498401
1.221999
1.399255
1.249587
1.196336
1.357324
1.188151
1.194073
1.171534
1.214712
1.404644
1.368340
1.445325
1.175825
1.260929
1.265688
1.354958
1.444958
1.457256
1.368778
1.340746
1.393914
1.299706
1.311270
1.306724
1.205324
1.372948
1.432357
1.463838
1.371783
1.264548
1.361175
1.298808
1.466682
1.263131
1.429928
1.326702
1.328802
1.379469
1.451302
1.431596
1.449042
1.430997
1.294912
1.454911
1.356613
1.475316
1.179392
1.268480
1.313609
1.207924
1.330226
1.439044
1.253028
1.287223
1.276068
1.113521
1.344835
1.310560
1.301529
1.220738
1.226615
1.292763
1.400444
1.286033
1.172358
1.396842
1.187513
1.332315
1.391704
1.382940
1.373415
1.265895
1.309099
1.177445
1.141099
1.573673
1.350710
1.223402
1.195370
1.199354
1.280095
1.156642
1.314811
1.378227
1.357176
1.309969
1.446028
1.276828
1.148149
1.338029
1.610781
1.267706
1.354602
1.365973
1.350436
1.334116
1.401903
1.383525
1.353376
1.388837
1.257499
1.423845
1.226134
1.598285
1.266258
1.276552
1.157509
1.395692
1.385463
1.519691
1.471449
1.431392
1.192818
1.362742
1.159618
1.287944
1.371400
1.433856
1.394651
1.318899
1.454976
1.184249
1.415123
1.328189
1.358481
1.322316
1.176754
1.195452
1.357387
1.353955
1.332602
1.503472
1.327146
1.163892
1.284967
1.309615
1.242527
1.275880
1.267717
1.294205
1.127797
1.286788
1.259851
1.323710
1.401485
1.199517
1.394175
1.231579
1.057347
1.315231
1.326847
1.273611
1.226213
1.226909
1.275437
1.281117
1.525173
1.254587
1.369545
1.406286
1.445856
1.223451
1.354847
1.373698
1.299721
1.249559
1.167078
1.157378
1.047974
1.102660
1.299036
1.308235
1.262722
1.117562
1.496530
1.389147
1.254804
1.065212
1.185967
1.173721
1.123590
1.220683
1.241587
1.183824
1.291561
1.203021
1.375441
1.104754
1.170115
1.252411
1.156215
1.185463
1.097317
1.011129
1.415528
1.029230
1.376946
1.364007
1.124503
1.284194
1.261092
1.110125
1.276110
1.277050
1.303445
1.246084
1.392211
1.320961
1.346501
1.269171
1.190956
1.179757
1.351655
1.364315
1.229105
1.245733
1.025788
1.175434
1.149277
1.315548
1.275433
1.267584
1.143443
1.266884
1.291233
1.295960
1.275578
1.182855
1.416145
1.284371
1.245945
1.248003
1.317138
1.219675
1.132957
1.389796
1.334524
1.248521
1.154316
1.114074
1.203499
1.318217
1.414737
1.369744
1.227618
1.475059
1.295582
1.298096
1.197332
1.290664
1.324973
1.264172
1.134926
1.165284
1.371139
1.212213
1.250769
1.164178
1.380413
1.133650
1.172942
1.261215
1.289976
1.247008
1.107677
1.343743
1.366946
1.274785
1.106089
1.256103
1.145616
1.376863
1.364188
1.363343
1.302911
1.145155
1.264063
1.316080
1.407395
1.317242
1.352457
1.393017
1.283712
1.369182
1.138821
1.082718
1.181377
1.261942
1.310902
1.194054
0.975964
1.522333
1.333525
1.104960
1.074572
1.213040
1.313348
1.259244
1.274689
1.437497
1.106738
1.443163
1.346864
1.293522
1.322647
1.333643
1.289207
1.224255
1.227329
1.097884
1.173935
1.090879
1.297282
1.218631
1.202770
1.099557
1.245394
1.194996
0.944688
1.082838
1.281412
1.425701
1.504886
1.367290
1.187435
1.151741
1.193680
1.354482
1.255351
1.247894
1.288164
1.303004
1.191034
1.444058
1.302184
1.278544
1.215793
1.090952
1.305780
1.110261
1.153321
1.184835
1.210043
1.191601
1.161791
1.039648
1.316650
1.119253
1.191165
1.107431
1.330037
1.144343
1.152135
1.162914
1.126016
1.150748
1.134322
1.333891
1.227464
1.167864
1.396470
1.276359
1.125735
1.252414
1.301510
1.169469
1.138166
1.259416
1.087710
1.150279
1.202836
1.347553
1.074588
1.188244
1.070552
1.232278
1.171873
1.258902
1.051140
1.361270
1.077733
1.244280
1.201712
1.243226
1.283391
1.057495
1.257091
1.255487
1.161733
1.159525
1.301794
1.115469
1.126807
1.254028
1.233145
1.118424
1.001944
1.202237
1.262650
1.172117
1.225124
1.112100
1.127521
1.060809
1.224981
1.007360
1.059058
1.212381
1.153122
1.234705
1.412520
1.312326
1.048810
1.406642
1.339509
1.441320
1.141468
1.310272
1.132214
1.190722
1.134815
1.466874
1.138602
1.176108
1.024988
1.331636
1.381986
1.112111
0.978396
1.168955
1.287207
1.161671
0.980186
1.147828
1.194749
1.198199
1.047186
1.201727
1.251820
1.043626
1.202204
1.093907
1.087269
1.166077
1.262596
1.210638
1.122853
1.130121
1.288405
1.392340
1.062216
1.199268
1.153280
1.198791
1.084426
1.349544
1.128376
1.258822
1.245334
1.098396
1.195868
1.270401
1.163907
1.070131
1.187165
1.267155
0.979363
1.085390
1.086402
1.191810
1.204748
1.168102
1.293507
1.244989
1.183472
1.151678
1.083943
1.175048
1.207075
1.100793
1.143218
1.258984
1.363519
1.210129
1.090436
1.248208
1.170788
1.099257
1.103374
1.225815
1.205857
1.236589
1.318449
1.358854
1.236076
1.216912
1.132962
1.321863
1.096183
1.172545
1.183605
1.125174
1.189727
1.177664
1.226009
1.406653
1.076881
1.097135
1.216468
1.180366
1.368999
1.255882
1.168606
1.108519
1.207093
1.187592
1.257437
1.061439
1.130926
1.068189
1.056785
1.118138
1.007259
0.873559
1.115263
1.068224
1.260038
1.105761
0.957413
1.165174
1.187353
1.202868
1.101089
1.164329
1.332088
1.075509
1.022982
1.064418
1.129941
1.192159
1.081881
1.248314
1.176252
1.127660
1.164814
1.107434
1.165063
1.153577
1.147540
1.144689
1.430306
0.999291
1.052424
1.366734
0.967003
1.159041
1.232296
1.197296
1.268811
1.042282
1.137932
1.254364
1.069990
1.175878
1.113548
1.147674
1.203646
1.153634
1.226438
1.235307
0.979015
1.066899
1.075396
1.163805
1.083514
1.049832
1.102104
1.020321
1.080571
1.126180
1.148742
0.981450
1.078392
1.153356
1.194944
1.298306
1.084875
1.032544
1.427726
1.356433
1.232390
0.962413
1.186334
1.194721
1.298339
1.203106
1.306588
1.222773
1.277223
1.071629
1.121000
1.037832
1.212881
1.170931
1.017608
1.063149
0.968219
1.111621
1.113544
1.227337
1.234057
1.137739
1.163099
1.162707
1.222464
1.127325
0.963846
0.994180
1.056108
1.290627
1.130238
1.096868
1.090835
1.247115
1.102046
1.299006
1.175151
1.236395
1.216459
1.053328
1.074971
1.105007
1.138172
1.217863
1.236494
1.148275
1.094440
1.325690
1.231677
1.167763
1.224798
1.238106
1.253262
1.110976
1.186136
1.235901
1.126900
1.068809
1.125023
1.221556
1.155599
1.077799
1.101275
1.014748
1.171103
1.024718
0.890183
1.053259
1.048595
1.238432
1.086542
1.177307
1.237690
0.985552
1.201852
1.197001
1.139072
1.160754
1.052957
1.244169
1.176900
1.257380
1.176928
1.132708
1.181086
1.098220
1.117700
1.170531
1.030408
1.305312
1.211684
1.202562
1.211167
1.306776
1.301736
1.280170
1.241461
1.327076
1.132916
1.240700
1.234869
1.189802
1.005367
1.049086
1.084033
1.137098
1.123608
1.312348
1.231070
1.279378
1.024371
1.082459
1.108067
1.179544
1.243837
0.925179
1.109086
1.187603
1.201170
1.176153
1.035627
1.208658
1.182456
1.071621
1.281483
1.011875
1.226417
1.061958
1.131646
1.240355
1.207930
1.130742
1.053562
1.171658
1.092281
0.985714
1.147271
1.031885
1.108923
1.111295
1.237081
1.201862
1.052883
1.154909
1.098945
1.064514
1.363884
1.071415
1.129560
1.163080
1.026831
1.259775
1.083541
1.113324
1.000023
1.233099
1.125162
1.136827
1.079526
1.120687
1.091997
1.243037
1.014975
1.340565
0.964800
1.149125
1.134423
1.031960
1.292628
1.215482
1.146142
1.092875
1.117198
1.177969
1.162594
1.165198
1.090356
1.214336
1.249961
1.025660
1.063758
1.272302
1.015403
1.248591
1.414667
1.252647
1.181795
1.210328
1.118780
1.123340
1.159418
1.110510
0.965777
1.113845
1.202486
1.055166
1.242883
1.166751
1.240394
1.282007
1.188936
1.149363
1.242330
1.231497
1.190127
1.174434
0.962038
1.259813
1.191341
1.107938
1.306260
1.194403
1.036788
1.078760
1.123681
1.146849
1.145927
0.993362
1.104706
1.121193
0.867091
1.123259
1.024533
1.168122
1.217952
1.135303
1.274850
1.159301
1.003666
1.098786
1.391695
1.074032
1.092823
1.197947
1.250158
1.178283
1.171417
1.358521
1.035950
1.412805
1.096357
1.263796
1.199949
1.158341
1.004844
1.254765
1.058687
1.115876
1.378845
1.112806
1.117944
1.121970
0.988127
1.125406
1.013926
1.195594
1.186441
1.062658
1.390311
1.114448
0.977238
1.025012
1.176185
1.003049
1.128926
1.247408
1.104912
0.949726
1.216111
1.297322
1.062603
0.979163
1.103706
1.079739
1.221586
1.176127
1.054652
1.199309
0.937527
1.084434
1.113777
1.201985
1.142350
0.953481
0.975149
1.025198
1.301758
1.060216
1.398016
1.222579
1.360115
1.091852
1.044628
1.280482
1.154772
1.138429
1.057654
1.028315
1.391095
1.107468
1.301295
1.087458
1.259303
1.054614
1.075007
1.189898
1.114316
1.041446
1.061016
0.861601
1.078805
0.847310
1.141395
1.261903
1.057366
1.199360
1.316799
1.050771
1.025083
1.093335
1.207755
1.109465
1.084377
1.239752
1.134813
0.970601
1.088035
1.101995
1.105097
0.978346
1.108588
1.131047
1.018988
1.047095
1.157602
0.978885
1.231588
1.017531
1.120467
1.360335
1.093831
0.999869
0.989087
0.786468
1.044650
0.959128
1.142895
0.884946
0.982007
1.061896
1.137831
1.064439
1.258858
1.103795
0.976471
1.023658
1.311801
1.269434
1.101019
1.111691
1.184959
1.063770
1.277454
1.185377
1.051078
1.051758
1.083345
1.120031
0.980773
1.046114
1.176532
1.204553
1.189895
1.332446
1.174704
0.962722
1.124172
1.274958
1.138475
0.877327
1.076479
1.181796
1.093204
1.074755
1.108228
1.103190
1.356734
1.021439
0.898314
1.076612
1.313380
1.029835
1.007022
1.058730
1.239420
1.220803
1.035006
0.939794
0.917053
0.974797
0.940790
0.995683
1.026133
0.934284
1.108545
1.144334
1.114101
1.113942
0.988066
0.930625
1.185655
1.070956
1.240581
1.121995
1.346887
1.002684
1.094564
1.278890
1.114275
0.984104
1.128270
1.187404
1.087077
1.323964
1.148964
1.002195
1.159727
1.030181
1.116041
1.132430
1.105049
1.113955
1.096922
1.076495
1.176767
1.094396
1.031186
0.936086
1.017519
0.945906
1.177151
1.124657
1.027833
1.050219
1.192268
1.018806
1.026588
1.246484
1.210374
1.113592
1.024914
1.185996
0.898276
1.059180
1.152728
1.086070
1.270435
1.109924
1.093269
1.016088
1.162636
0.934825
1.123297
0.995311
1.082254
0.970767
1.298662
1.030590
0.904834
1.031600
0.903574
1.065289
1.018776
0.996840
0.962711
1.107366
1.277300
1.087793
1.104241
0.944592
1.090533
1.079983
1.111582
1.132274
1.072177
1.045036
1.145929
1.194896
0.947275
1.029754
1.097205
0.916768
1.087435
0.961072
1.031431
1.275990
1.205182
1.041156
1.079250
0.908079
1.079274
1.116935
0.947364
1.078867
1.104664
0.935771
1.093339
1.209974
1.150690
1.009539
0.908492
1.077693
1.273000
0.962494
1.145493
1.008847
1.147397
1.188094
1.026906
0.927705
1.094630
1.077447
1.016337
1.094901
1.199020
1.014838
1.135757
0.985136
1.087033
1.087112
0.990736
1.173225
1.073619
0.995734
0.996156
1.135470
0.867578
1.099993
1.133134
0.991624
1.172427
1.036009
0.970708
1.173076
1.160332
1.080864
1.038731
0.973142
0.939832
0.985659
1.065114
0.971164
1.123369
1.146891
1.148178
0.881918
1.070122
1.085952
1.056956
0.979991
1.073602
0.946925
1.249694
1.011861
1.073909
1.221974
1.055954
1.012456
1.117817
1.013983
1.024989
1.010306
0.981238
1.177310
1.233537
0.963368
1.142495
1.097757
0.891884
1.005812
1.125230
1.251287
1.056547
1.031041
1.251815
1.126873
1.221627
1.076540
1.013353
1.155910
0.966170
0.946868
0.948172
0.885973
0.877291
0.953347
0.982097
1.040607
1.012148
1.028626
1.087471
1.022558
1.078719
1.128678
1.265308
0.852333
0.977151
1.097369
1.126134
0.875721
1.051805
1.103114
1.019994
1.128503
1.128875
1.061926
1.073321
0.999539
1.052457
0.866153
1.040307
1.055474
1.056603
1.010994
1.110138
1.098122
0.922676
1.020394
1.176527
1.104326
1.116623
1.107518
1.146931
1.013283
0.994368
1.172829
1.161509
0.984844
1.124366
0.979148
1.088767
1.074590
0.876349
0.944938
0.998212
0.983411
1.098532
0.835980
1.133110
0.926022
1.142935
1.113084
1.057329
1.002452
1.289876
1.089121
1.047048
1.098290
1.198032
1.086078
1.128655
1.127479
1.181029
0.954357
1.058508
0.955406
1.096705
1.162538
1.119782
1.069905
1.135122
0.992914
0.897453
1.023937
1.158643
0.968844
1.003929
1.071633
0.995983
1.025873
1.198391
1.002486
1.037493
0.981961
0.879969
1.072799
0.981882
1.044158
1.008821
1.062641
1.014981
1.218644
0.842667
1.220283
1.083123
0.971365
1.086933
1.228460
1.101485
1.104322
1.176344
1.000875
1.073348
1.087556
1.104113
1.135364
1.038101
0.989205
1.090919
1.150637
1.273525
1.126256
1.060958
1.065393
1.094923
0.987381
0.916248
1.071092
0.969434
1.046030
1.034842
1.005602
1.017859
1.291253
1.154853
1.010679
0.981229
1.088364
1.034702
1.016653
0.998489
0.984946
1.046435
1.099835
1.170619
1.006114
0.963530
1.014369
1.031561
0.864119
1.003154
0.964044
0.954709
1.123174
1.128549
0.866887
1.097937
1.018131
1.109688
0.948799
1.120790
1.006109
0.887894
1.304461
0.926003
1.131649
1.023996
1.160862
1.026723
0.965759
1.075821
1.108127
1.069130
1.168911
1.036242
1.079440
0.993733
0.973473
1.035633
0.983843
0.944791
1.021267
1.163912
1.064947
1.074980
0.939764
0.979885
1.018487
0.896671
1.035295
1.202606
0.967390
0.913402
1.174178
1.165011
1.036355
0.890180
1.097179
1.001109
1.053107
1.174297
1.105179
0.894675
1.072529
1.070452
0.984897
0.888611
1.105434
0.968571
1.018559
1.003617
0.994539
0.995257
0.927873
1.108556
1.104772
1.053708
1.113710
1.139259
0.884954
1.087495
0.920054
1.027241
1.125200
1.034217
0.935211
0.794764
1.042680
1.098694
0.987809
1.067180
1.102210
0.978503
1.038665
0.845816
1.173088
0.927211
1.144040
1.022837
1.083211
0.978541
1.048888
0.995727
0.969206
0.960558
1.092981
1.228693
0.945154
1.086661
0.948178
1.114797
1.035527
1.075114
0.989509
0.866733
1.013718
0.963804
1.123319
0.805723
0.974338
0.962344
1.008565
1.124644
0.861750
1.084328
0.957047
0.949406
0.979083
0.988256
0.826416
1.013555
0.842608
0.964438
1.041101
1.109615
1.013381
0.958271
0.929915
1.066635
0.968522
1.143738
1.197239
0.915566
1.046543
1.069334
1.011091
1.111168
0.967437
1.109942
1.194111
0.950255
1.049892
0.962080
1.043454
0.991670
1.134046
1.144790
1.011981
1.148602
1.191268
0.979181
0.998628
0.970371
0.835389
0.854692
0.974623
0.926019
0.836124
1.113423
1.080500
1.047669
0.887560
1.000970
1.083253
1.076274
1.046277
1.073690
0.970556
1.056997
0.913269
1.072870
1.238338
1.256498
1.057814
1.030558
1.036975
0.979223
0.934873
0.961374
1.029675
1.066085
0.832172
0.953064
0.904756
1.145820
0.919868
0.984491
0.993947
0.979972
1.213669
0.878590
1.127713
0.971317
0.949115
0.965011
0.906515
1.121050
1.059807
1.053419
0.980072
0.864947
0.929760
0.898021
0.900426
0.914430
1.084564
1.173328
1.149424
0.918271
0.935838
0.885791
0.838508
1.018232
1.047210
0.856870
1.027766
0.973208
0.855416
1.000637
0.947597
1.219338
1.079793
0.915553
1.070081
0.859365
0.891044
1.114343
0.983470
1.103415
0.882158
0.923420
0.949352
0.943375
0.956977
0.865674
0.993129
1.031352
0.875915
1.017743
1.085736
0.938475
1.054158
0.944032
0.825288
1.018494
0.916644
1.033814
1.097762
0.976333
1.071566
0.784119
0.910160
0.907904
0.916746
0.960541
0.883071
0.866036
0.968860
1.035423
1.274128
0.891328
0.869517
1.091395
1.113152
0.957986
1.049211
0.907700
0.999283
0.924219
1.008591
1.052221
0.957321
1.085645
1.229244
1.068124
0.951868
0.980366
0.962844
0.985970
0.875522
0.912175
1.165338
0.971480
0.909454
0.827662
0.890638
0.973836
0.879211
1.080234
0.908155
0.885649
0.796944
1.167524
1.075069
0.788426
0.811348
1.134427
0.958196
1.057461
0.988032
0.989781
0.973913
0.947912
1.017585
0.896194
0.988879
0.817691
1.157465
1.024447
0.966331
1.014776
0.835009
0.861900
1.091636
0.958881
0.844854
0.961707
0.910541
1.138305
1.191776
0.991228
0.986150
0.892926
1.070173
1.128513
1.017299
1.068824
1.005296
0.974468
0.936944
1.085608
1.198281
1.165936
1.072782
1.139227
1.012316
0.933475
0.974069
0.835582
0.860153
1.126014
1.041946
1.011113
1.079488
1.149071
0.959844
1.038695
1.065794
0.984278
1.117681
0.989148
1.104030
0.877277
0.919077
0.890079
1.055287
1.089330
0.948229
0.948634
1.155224
0.987692
0.941837
0.895104
1.059610
1.133449
0.767288
0.992812
1.063570
1.215559
1.183305
0.923835
1.025726
0.851120
0.926645
1.091292
0.914061
0.973175
1.045667
1.073075
0.943479
1.090537
0.971490
0.933727
0.858960
0.986755
0.907631
0.799880
1.040760
1.118451
1.039743
0.995848
0.739487
1.072484
1.046909
1.198808
1.084891
0.983356
0.997077
1.154976
0.961537
1.238231
0.931108
0.886193
0.890640
1.016613
1.105740
1.057014
1.136960
1.042249
1.039746
0.726074
1.030877
1.010374
0.870457
1.148388
0.917445
1.097422
0.991672
1.066954
0.835957
1.072469
0.953924
1.213170
0.983316
1.019306
1.004064
1.018507
1.288488
0.899068
1.060469
1.088915
0.935659
1.059832
0.749708
1.072877
0.939134
0.944243
1.078165
1.029157
1.048151
0.937012
1.014627
1.122494
0.981459
1.080996
1.080853
0.986702
1.022287
0.963380
1.017196
0.876074
1.033934
1.007448
1.080684
1.271836
1.005572
1.158140
0.838858
0.942721
1.011321
0.933290
0.926761
1.055059
1.132342
1.014556
1.060925
0.957091
0.922174
1.212522
1.041449
0.861271
0.822222
0.930628
0.959124
1.077338
0.920344
0.835028
1.174922
0.953215
0.899201
0.994733
0.928528
1.034724
1.013716
0.989232
0.875062
0.816058
0.779005
0.975784
0.981441
1.059167
0.879115
0.883539
0.912275
1.023116
0.963204
0.871400
0.846974
0.950221
0.872854
0.854395
1.135979
0.996482
0.957124
0.878948
0.937973
0.798552
1.158140
0.928796
0.793917
0.878371
1.012187
1.058128
1.062147
0.948122
0.959956
0.983785
0.886056
0.945629
0.903084
0.883651
0.842657
1.055303
1.195007
0.958337
1.025464
0.839624
1.005308
1.061050
1.016755
1.013223
0.951960
0.943642
1.084406
0.832274
0.957524
1.120439
0.756997
0.911377
0.733444
0.930724
0.836757
0.978760
1.009316
1.028826
0.986417
0.878584
0.922638
0.872086
1.088371
0.816200
1.080668
0.995938
1.001073
0.942736
0.943735
1.088605
0.814609
1.009265
0.930221
1.004303
1.045020
0.921586
0.920051
0.905550
0.899684
0.964282
0.763815
0.946311
0.895998
1.113207
1.030284
0.886026
0.925121
1.049478
0.986139
0.911614
1.019468
0.995278
1.051854
0.796580
1.144549
0.915695
1.128354
0.935155
0.936304
0.996532
0.829593
0.853783
0.879715
0.911514
0.971999
1.020318
1.095036
0.929115
1.073144
0.972881
1.009781
1.088052
0.867830
0.933726
1.027501
0.950716
1.074029
0.976525
0.991861
1.082759
1.203038
1.031776
0.836806
0.887131
1.088302
0.971024
0.923372
0.765651
0.930493
0.879263
0.920747
0.886711
0.759234
0.992964
0.909849
0.999247
1.269769
0.954667
0.760451
0.797053
1.037155
0.935920
0.890392
0.976095
0.996813
1.084644
0.884973
0.992220
0.913341
0.910023
1.008357
0.991306
0.999087
0.943629
1.091178
0.998492
1.078026
1.074858
1.000356
0.895456
1.091173
0.934783
0.937995
1.023681
1.044805
0.943792
0.858431
1.092216
0.894833
0.871184
0.966429
0.855686
1.111536
0.945575
1.038895
1.038851
0.949170
0.891369
0.968233
0.960110
1.050572
0.955125
1.110579
0.923983
0.823910
0.982532
0.831566
1.031016
0.913388
1.009684
0.843480
1.084959
1.008346
0.968834
0.898999
0.922068
0.968423
0.980507
0.878581
1.023684
0.764610
1.055246
0.806563
0.903984
0.949794
0.900963
0.992490
1.050863
0.987022
0.913313
0.841729
0.969104
0.805423
0.801386
1.047140
0.996089
0.970698
1.077769
1.076765
1.050103
1.275127
0.752257
1.049608
0.874421
0.917256
1.030566
0.730539
0.936457
0.918163
0.875194
0.833057
1.013513
1.047871
0.962994
1.052009
0.921684
1.051844
1.075289
0.927008
0.966856
0.895329
0.984459
1.092248
0.906320
0.928706
0.954294
0.838447
0.925740
0.935429
0.910659
0.908885
0.817210
1.164762
1.111323
1.271848
0.900486
0.832359
1.074510
0.891682
0.887507
0.929498
1.028131
0.953283
0.998624
1.017910
0.857341
1.006995
0.964435
0.962036
0.936627
0.964916
1.007411
0.907214
0.870790
0.882931
1.057853
0.973162
0.896110
0.935867
0.989479
0.835970
0.852599
0.962743
1.080475
0.990715
1.011702
1.150471
0.893074
0.907019
1.081277
1.184511
0.979303
1.089754
0.854239
0.843282
0.892485
0.965609
1.019763
0.881663
0.888222
0.982936
0.974001
1.075155
1.224432
0.777943
0.849500
0.858402
0.828287
1.014361
1.081417
0.862105
0.864293
1.090818
0.953581
0.854752
0.913237
0.988972
1.124577
1.046884
0.964651
1.065408
1.034706
1.020041
0.903737
0.922593
0.798308
0.917501
0.957884
1.010012
0.847723
0.865086
1.031580
1.186303
0.975578
0.929834
0.970741
0.778501
1.068267
0.961339
0.875489
0.882639
0.929721
0.885949
0.875310
0.919499
1.104088
0.874022
0.925435
1.010341
0.964024
0.973117
0.899626
0.786026
0.927169
0.947171
1.008845
1.007086
1.008775
0.981024
0.981894
0.820222
0.824740
0.932573
0.969385
0.865994
1.049983
0.938335
0.948781
1.235569
0.987387
1.010010
0.897188
0.961955
0.968354
0.952180
1.111917
0.887257
1.077987
1.094045
0.837851
0.906031
0.890523
0.955227
1.044522
1.053028
0.978858
0.957718
0.908309
1.034781
0.891334
0.951065
0.849106
0.951208
1.153207
1.036467
0.895177
0.833890
0.945390
0.933876
1.237647
0.838999
0.761532
0.896224
1.002926
1.033071
0.897691
0.965947
0.947662
0.931614
0.952541
0.884253
1.023102
0.927050
0.927816
0.927758
0.908245
1.056669
0.945055
0.899531
0.902670
0.976100
1.024890
0.715831
0.873158
0.959723
0.832377
0.880706
0.971372
1.000090
1.121352
0.988295
0.924529
0.947900
0.772446
0.785547
0.820315
0.910730
0.734440
0.859564
0.813604
0.968486
0.765043
0.994487
1.136039
0.784623
0.908523
0.654591
1.059424
0.904137
1.162663
0.837959
0.997238
0.927808
1.204616
0.895013
0.920063
0.986945
0.879636
1.008895
0.987847
1.001088
0.918512
0.954143
1.026474
1.129437
0.807763
1.099701
1.033088
0.989284
1.072835
1.047768
0.901742
0.943991
0.964330
0.852572
0.902390
0.713265
1.034969
0.812131
0.768310
0.850780
0.855577
0.870246
0.840215
0.796984
0.813525
0.777964
0.751661
1.030740
0.919079
1.041883
1.001234
0.969411
0.955919
0.885622
1.004845
1.003732
0.913461
0.808279
0.814810
0.889879
1.033143
0.863115
0.801596
0.850614
0.977644
0.870935
0.814256
1.083496
1.006411
0.867099
0.875885
1.123290
0.835276
0.857781
1.008960
0.952341
0.934361
0.848842
0.984542
0.870373
1.007913
0.920907
0.931754
1.019692
0.808797
0.838169
0.981217
0.836125
0.938911
0.920732
0.900581
0.873244
0.954757
0.880239
0.795625
1.065548
1.122356
0.908458
1.004908
1.173105
0.912341
1.041020
0.937594
0.986000
1.047009
0.986067
0.771827
1.078062
1.126515
0.894792
0.918910
1.005114
1.038733
0.762085
0.975857
0.925956
0.916460
0.935654
0.823263
0.702139
0.946133
1.005896
0.802027
0.853071
0.928477
0.893998
0.874696
0.902835
1.037391
0.996842
0.800884
0.915691
0.877402
0.906656
0.841057
0.676055
0.952343
0.942099
0.940334
1.024983
0.709358
0.936880
0.877283
1.046362
0.949299
0.860005
0.930597
1.015995
0.844587
0.945666
0.979741
0.916314
0.895967
0.664691
0.892370
0.979823
1.009532
1.022724
0.750007
0.786369
0.915571
0.838226
0.853214
0.871074
1.106113
0.991551
0.854598
0.972864
0.840096
0.918706
0.929164
0.756031
1.061436
1.114029
0.877410
1.093846
1.017379
1.039934
1.005901
0.947726
0.834989
0.926560
0.914873
1.023846
1.145155
0.797806
0.884074
0.901302
0.948319
1.024946
0.853721
0.921810
0.902965
0.803728
0.772536
0.789349
0.863598
0.860790
1.127428
1.048791
0.869715
0.916473
1.158106
0.854910
0.987602
1.029003
0.978241
0.965241
1.016937
1.011710
0.919150
0.904937
0.950042
0.764430
1.053614
0.996806
1.005713
0.987912
0.917959
0.861215
0.725506
0.959283
0.965664
0.829430
0.956679
0.988920
0.830501
0.916441
1.005557
0.909508
0.746740
0.942407
0.948081
0.974392
0.894679
0.899715
0.974977
0.921006
0.904229
1.033713
0.805869
0.869704
1.003542
1.033847
0.960717
1.114017
0.891061
0.930413
0.966529
0.817783
0.869033
1.027287
0.838403
0.909580
0.958591
0.963737
0.935261
0.852575
0.932321
0.997876
0.989739
0.855995
0.938288
1.055300
0.740468
0.886049
0.801659
0.858579
0.981765
0.925559
1.020488
0.767530
0.964994
0.841762
0.849137
0.982860
0.881507
0.935497
0.931818
0.913996
0.846082
0.998253
0.917013
0.683505
1.102122
0.895442
0.893607
0.850672
0.934193
0.846949
0.927992
0.845341
0.777816
0.914550
0.824162
0.943509
0.774388
0.919936
0.985462
0.812053
0.851873
0.786005
0.794391
0.787298
0.750171
0.857350
1.098767
0.703780
0.814657
1.041419
0.900158
0.861344
0.939053
0.751937
0.908732
0.881800
0.871624
1.015619
1.069626
0.920908
0.882201
0.965862
0.977370
0.833279
1.132085
1.057587
0.964415
0.956396
1.021719
0.971798
0.867151
1.106408
0.891913
0.892319
0.969432
0.933230
0.907824
1.071276
0.700382
0.790042
0.788221
0.776902
0.839072
0.788955
0.813344
0.916402
1.017669
1.039721
0.893151
0.943850
0.885534
1.094631
1.094716
0.922276
0.874116
1.046294
0.719856
0.949740
0.790967
0.981395
0.927530
0.819251
0.825885
1.158749
0.899000
0.955374
1.089979
0.797550
1.087324
0.962120
1.222547
1.000048
0.749919
0.646829
0.824753
0.854501
0.889578
0.985106
0.977625
0.771966
0.820989
1.127285
0.740229
0.856262
0.789125
0.661934
1.064908
1.053259
0.889616
0.942346
0.916987
0.855266
0.843612
0.948195
0.876980
1.023095
0.797564
0.863304
0.938341
0.784686
0.958259
0.807798
0.944554
0.725087
0.932089
0.945363
0.839851
1.011806
0.835484
1.095136
1.010686
1.150613
0.902759
0.926305
0.824779
0.840869
0.931875
0.789929
0.998654
0.913941
0.969621
0.752547
0.996582
0.926976
0.962541
0.860790
0.967714
0.842872
0.936876
0.886583
1.019419
0.854522
0.954404
0.991117
0.978074
1.038256
0.938535
0.750807
0.989354
0.901492
0.790976
0.816165
1.013013
0.954386
0.908315
1.061293
0.915428
0.799958
0.907817
0.857620
1.014684
0.759756
0.825333
0.994060
0.905377
0.905411
0.813551
0.852772
1.079456
0.978983
0.880185
0.914360
0.902177
1.171199
1.035953
0.963768
0.778941
0.862495
0.902341
1.143574
0.891305
0.917458
0.898902
1.016547
0.873671
0.947824
0.881161
0.816706
0.829851
0.931032
0.931271
0.854905
1.205037
0.938620
0.996580
0.980510
0.955628
0.999084
0.869337
0.901461
0.883702
0.800071
0.983066
1.071281
0.727548
0.933710
1.052303
0.966412
1.040020
0.957903
0.930793
0.860703
0.826677
0.938271
0.793117
0.988272
1.029233
1.098333
0.891321
0.762977
0.972359
0.916165
0.931361
0.778816
0.934566
0.977238
0.823954
0.895991
0.743885
0.753433
0.779795
0.703776
0.786940
1.012856
1.051044
0.765821
0.969144
1.223682
0.760679
0.915775
1.013146
0.890494
0.762282
0.942899
0.724925
1.006784
0.875414
1.011887
0.988494
0.893102
0.835781
0.914977
0.842151
0.801849
0.775349
0.845077
0.834596
0.711380
0.892697
0.867872
0.771461
0.780181
0.917432
0.862446
0.916954
0.791749
0.991840
0.863704
0.930764
0.851076
1.009590
0.932454
0.914756
0.989798
0.958292
0.878092
0.805295
0.770175
0.799556
0.834365
1.118361
0.817651
0.973694
0.855670
0.822354
0.964104
1.004280
0.776278
1.044909
0.864209
0.865084
0.874708
0.926025
0.764302
0.927108
0.819115
0.917588
0.811709
0.865760
0.872092
0.874508
0.917635
1.000936
0.982369
1.173715
0.755320
0.879400
0.849874
0.957441
0.870949
0.896996
1.109740
1.022523
0.953990
0.987694
1.001208
0.769881
1.197663
0.826308
0.886243
0.715600
0.836257
0.835447
0.937939
0.881950
0.834867
0.798007
1.004457
0.946813
0.803583
0.788103
0.883506
0.756108
1.008266
0.737858
0.959698
0.774086
0.867422
1.081155
0.874403
0.918724
0.936126
0.969481
0.856968
0.999495
0.977876
0.810551
0.927279
0.851150
1.078260
0.892868
0.837668
1.299759
0.890442
0.786319
0.775670
0.770908
0.840832
0.819104
0.984724
0.829885
1.084615
0.834960
0.971609
0.890381
0.995936
0.708076
0.950575
0.935695
0.822346
0.889098
0.969197
1.000731
0.903202
0.862415
0.946555
0.872610
1.070801
0.995097
0.935574
0.911344
0.971642
1.208074
0.922685
0.882545
0.962457
0.725839
0.771219
0.834112
0.895137
0.865896
0.694152
0.696053
0.757806
0.816560
0.757819
1.018047
1.017286
0.767421
0.964632
0.789808
0.904159
0.993645
1.035629
0.894594
0.924240
0.903490
0.872710
1.098372
1.049122
0.838292
0.919862
1.224608
1.076730
1.017359
0.845142
0.842586
0.807859
1.005192
0.868592
0.917412
0.986332
0.860570
1.050902
1.081972
0.947551
0.803979
0.686504
0.840154
0.824831
0.957587
1.049249
0.852889
0.792545
0.911635
0.933761
0.860388
0.810901
0.886582
0.835591
0.750276
0.939282
0.830165
1.008618
1.010371
0.878581
0.809503
0.920129
0.935442
0.840659
0.822653
0.983284
0.873278
0.834912
0.975198
0.897577
0.922214
0.965728
0.872584
0.807138
0.925778
0.910398
0.951017
0.981505
0.917823
0.928285
0.924127
0.919024
0.854355
1.000655
0.927913
0.721887
1.029739
0.757349
0.976413
0.769080
1.036387
1.014425
1.035280
0.807124
1.068498
0.835654
0.778310
0.842440
0.798915
1.107270
0.939507
0.927987
0.756184
1.070011
0.922754
0.820832
0.843387
0.842320
0.985559
0.941891
0.881157
0.955556
0.854432
0.978212
0.905807
0.913069
0.894707
0.783583
0.746644
0.888745
0.892097
0.918561
0.763958
0.818514
0.893008
0.638058
0.852235
0.828474
0.871199
0.916011
0.770410
0.859189
0.981076
0.931029
0.877506
0.844582
0.950367
0.890614
0.791365
0.811304
1.024487
0.736276
1.092373
0.978208
1.012575
1.089111
0.984476
0.841834
1.093908
1.108783
0.858597
0.855281
1.003135
0.900873
0.791604
0.879430
0.930743
0.811835
0.838899
1.074100
0.852849
0.899275
0.938483
0.970452
0.835048
0.990833
0.897566
0.856903
0.775440
0.959657
0.713120
0.939847
0.958844
0.920350
0.893204
0.695308
0.941066
0.825502
0.894886
0.792695
0.730214
1.024029
1.066453
0.805202
0.913934
1.040352
0.754196
0.936460
0.900423
0.968102
0.833013
0.863413
0.906482
0.928256
0.945768
0.910768
0.833134
0.883859
0.803638
0.836102
0.833900
1.039693
0.906178
0.846070
0.695023
0.832949
0.832657
0.919082
0.816456
0.965259
0.930806
0.872323
0.790635
0.831835
0.732263
0.821163
1.054026
0.981604
0.896938
0.976499
0.817765
0.960867
0.974727
0.862102
0.871022
0.915228
0.913131
0.904260
0.792533
1.032579
0.905937
1.030361
0.919049
0.862491
0.787178
0.912617
0.666378
0.932206
0.875329
1.093574
0.734220
0.743796
0.899541
0.817838
0.792887
1.082017
0.741664
0.769409
0.872933
0.719387
0.789721
0.731248
0.770848
0.797780
0.744164
0.674286
1.019298
0.798636
0.874397
0.905109
0.992114
0.788270
1.019910
0.880722
0.752705
0.985042
1.037138
0.738682
0.860446
0.903900
0.774835
0.948354
0.990209
0.981316
0.919235
0.793040
0.902591
0.821881
0.820657
0.823907
0.791890
0.888933
0.710544
0.709813
0.932404
1.016485
0.753891
0.824790
0.845192
0.839579
0.802061
0.842192
0.831560
0.678217
0.818816
0.810991
1.143604
0.915132
1.003672
0.916217
0.856899
0.914325
0.896813
0.849892
0.754865
1.026654
0.827573
0.850692
0.790003
0.823015
1.155281
1.019996
1.053629
0.933952
0.911187
0.825422
0.718348
0.974637
0.833800
0.854135
0.781740
0.888324
0.936305
0.894925
0.914257
0.878383
0.812664
0.720901
0.776017
1.020789
0.763521
0.827938
0.615202
0.869266
0.825720
0.943277
0.916320
1.053625
0.953313
1.049811
0.969599
0.823747
0.831665
1.145696
1.087400
1.106729
0.874763
0.838741
0.919082
0.759580
0.976756
1.233032
0.964660
0.719364
0.841337
0.787177
1.032671
0.910867
1.157055
0.863218
0.930694
0.909345
0.973041
0.809514
0.858567
0.839382
0.736951
0.934294
0.777936
1.194692
0.802705
0.542805
0.755356
0.882251
0.842876
0.870694
0.852196
0.938884
0.930531
0.888098
0.749695
0.882293
0.768116
0.868382
0.752338
0.725295
0.731517
0.693981
0.876523
0.941230
1.124047
0.853964
0.903829
0.716112
0.930728
0.915018
0.798396
0.718113
0.791842
0.940307
0.838137
0.708157
0.976562
0.773935
0.854434
0.930015
0.784454
0.714787
0.969807
0.835543
0.851565
1.078882
0.837629
1.162666
0.917860
0.827002
0.848843
0.882699
0.894547
0.756775
0.987808
0.963136
0.883783
0.702104
0.746367
0.867377
0.967034
0.703275
0.824992
0.837328
0.904845
0.644490
0.739294
1.020471
0.891673
0.882860
0.901478
0.786110
0.859844
0.880842
0.715267
0.724214
0.855135
1.173746
1.007760
0.841909
0.744713
0.927623
0.998222
0.799328
0.734559
0.804178
0.699887
0.783570
0.881087
0.819357
0.870936
0.722602
0.895938
0.936313
0.885298
0.849728
0.849046
0.718561
0.824175
0.721370
0.788683
0.794790
0.815691
0.779109
0.937748
0.692489
0.952129
1.005925
0.787906
0.783387
0.836987
0.979708
0.988237
0.739589
0.707962
0.793659
0.797383
0.884971
1.095482
0.739178
1.086712
0.748802
0.889445
0.703629
0.737536
0.764487
0.797460
0.871682
0.938161
0.760761
0.942553
0.884814
0.931581
0.806561
0.832454
0.874010
0.769030
0.586203
0.773617
0.824679
0.740900
0.796086
0.809816
0.804353
0.744916
0.828698
0.852657
0.709830
0.839509
0.817308
0.617720
0.667958
0.856349
0.846351
0.873797
0.765201
0.846889
0.940497
0.825711
0.931661
0.846204
0.797010
0.862927
0.945764
0.924575
0.720751
0.815677
0.903431
0.931943
0.586040
0.709652
0.751895
0.888058
0.929500
0.973677
0.856531
0.726820
0.661192
0.758593
0.920565
0.875080
0.717371
0.757320
0.855344
0.757330
0.851403
0.772853
1.009459
0.803056
0.739078
0.694935
0.863274
1.091447
0.888289
0.888979
0.732429
0.814607
0.839320
0.798728
0.969535
0.970883
0.742954
0.814298
0.856690
0.805954
0.804301
0.529584
0.810416
0.810199
0.887765
0.679757
0.693643
0.601457
0.626601
0.862108
0.820454
0.815806
0.682451
0.717545
0.974341
0.858775
0.960913
0.957840
0.937814
0.812629
0.864847
0.667294
0.849025
0.796218
0.983159
0.787564
0.830139
0.774752
0.760402
0.702168
0.836025
0.662804
0.726383
0.735178
0.772097
0.753420
0.854617
0.710959
0.863143
0.777620
0.867984
0.846566
0.929421
1.041724
0.913545
0.870393
0.832819
0.817260
1.011625
1.037928
0.874687
0.738618
0.914803
0.914413
0.934576
0.961595
0.649755
0.857172
0.877517
0.996279
0.660880
0.916663
0.855637
0.736950
0.690595
0.918274
0.758744
0.983682
0.668353
0.968478
0.863395
0.812307
1.111171
0.830506
0.899429
0.775893
0.788196
1.002084
0.804693
0.820136
0.782014
1.094411
0.808484
0.817754
0.831268
0.948272
0.822980
0.864001
0.797331
0.742675
0.855296
0.839770
0.838321
0.835302
0.699429
0.906124
0.800857
0.972289
0.822750
0.867121
0.905725
0.779822
0.904641
0.888251
0.958367
0.842944
0.978930
0.780568
0.695348
0.749751
1.016333
0.779437
0.833439
0.974237
0.895232
0.849844
0.905209
0.941986
0.914029
0.820863
0.845748
0.700656
0.710207
0.833271
0.703725
0.773333
0.860671
1.057114
0.795637
0.929469
0.700507
0.636892
0.976557
0.710185
0.953758
0.859311
0.908384
0.808899
0.767271
0.769714
0.858871
0.934225
0.882233
0.895134
0.808684
0.750694
0.908058
0.859502
0.955688
0.761194
0.948600
1.053878
0.937381
0.773807
0.791459
0.805647
0.756280
0.780668
0.839363
0.990873
0.702461
0.841539
0.968860
0.806744
0.808016
0.894896
0.706025
0.658405
0.762889
0.756358
0.777070
0.664108
0.949138
0.856282
0.908638
0.786743
0.966821
0.690369
1.074922
0.819454
0.863937
0.953012
0.929895
0.810741
0.685774
0.857613
0.887401
0.781979
0.986166
0.810932
0.859859
0.819320
0.906839
0.828309
0.789380
0.849981
0.914093
0.777407
0.661841
1.054133
0.955221
0.807076
0.988527
0.678757
0.756892
0.954051
0.852314
1.039091
0.883044
0.854035
0.876040
0.872496
0.779587
0.742704
0.756174
0.760415
0.707017
0.863907
0.675078
1.037900
0.778871
0.986564
0.750106
0.549266
0.928721
0.724844
0.789837
0.878727
0.862661
0.820896
0.714406
0.849876
0.727593
0.827560
0.875055
0.778930
0.882995
0.736849
0.856094
0.917442
0.895079
0.910222
0.750205
0.756269
0.809804
0.859803
0.750111
0.845522
0.814459
0.811416
0.777566
0.769248
1.004577
0.620875
0.817134
0.740345
0.809035
0.877358
0.788845
0.673985
0.772073
0.884919
0.638007
0.952860
0.736030
0.791059
0.769617
0.718790
0.733177
0.653426
0.827269
0.796827
0.750980
0.742522
0.840966
1.133749
0.662971
1.119717
0.755004
0.918548
0.836666
0.936462
0.977684
0.729513
0.925904
0.801198
0.815834
0.709009
0.832250
0.901964
0.897776
0.949184
0.770082
0.828558
0.881448
0.918952
0.910931
0.688548
0.589394
0.903373
0.832626
1.037121
0.803036
0.933316
0.685255
0.769202
0.884045
0.806657
0.743057
0.990504
0.743668
1.003602
0.661427
0.839637
0.669249
0.991995
0.985229
0.849748
0.805069
0.902572
0.898090
0.675534
0.793476
1.063112
0.546353
0.746680
0.662907
0.898107
0.883345
0.791722
0.814966
0.683551
0.946003
0.825221
0.742910
0.750526
0.828085
0.805789
0.947852
0.748728
0.822381
0.975168
0.776624
0.821545
0.868521
0.865232
0.861602
0.794495
0.870577
0.719351
0.753620
0.857036
0.799639
0.892891
0.964586
0.882894
0.819963
0.809552
0.904154
0.808421
0.712981
0.798198
0.770644
0.798705
0.710936
0.617863
0.694674
0.757086
0.859592
0.864263
0.675565
0.591645
0.732357
0.924335
0.904352
0.898634
0.798646
0.804439
0.909599
0.848411
0.934753
0.782231
0.765462
0.755012
0.780882
0.897092
0.700177
0.853735
0.700603
0.866454
0.858301
0.833545
0.828860
0.781143
0.639587
0.839316
0.590640
0.699516
0.717783
0.910489
0.698584
0.896124
0.942624
0.864939
0.907809
0.713392
0.814994
0.927995
0.810401
0.750151
0.653694
0.909338
0.801679
0.816975
0.659895
0.791447
0.729520
0.808733
0.878668
0.798639
0.832131
1.025766
0.855110
0.673887
0.942046
0.871013
0.719607
0.854034
0.759377
0.918711
0.838371
0.914264
0.949722
1.027076
0.768176
0.724307
0.778054
0.931315
0.775616
0.811495
0.839623
0.768567
0.801548
0.916121
0.912110
0.743055
0.919077
0.857476
0.850836
0.812298
0.677824
0.843496
0.838170
0.949419
0.822735
0.848187
0.814526
0.799764
0.997493
0.923455
0.590364
0.884060
1.006554
0.808577
0.785038
0.998486
0.701000
0.883927
0.730545
0.885376
0.834806
1.001853
0.839076
1.094173
0.874614
0.852567
0.724387
0.826583
0.637072
0.908002
0.869574
0.855808
0.583611
0.904458
0.798938
0.800343
0.757985
0.923502
0.902268
0.865444
0.814731
0.766059
0.791919
0.740707
0.774335
0.796253
0.743450
0.784890
0.811763
0.823211
0.870984
0.850009
0.739494
0.807659
0.909891
0.639558
0.702828
0.821785
0.771382
0.785040
0.886491
0.775602
0.751325
0.830758
0.750541
0.882079
0.770661
0.915191
0.840525
0.709376
0.876379
0.771527
0.699622
0.817275
0.694443
0.840413
0.767597
0.755427
0.747682
0.714207
0.802329
0.851075
0.581306
0.915410
0.837503
0.783512
0.765762
0.779707
0.752629
0.692790
0.661783
0.712460
0.648113
0.792277
0.943773
0.870561
0.889791
0.701292
0.509586
0.711646
0.703017
0.919560
0.862840
0.857338
0.738483
0.710060
0.876503
0.738427
0.839873
0.740902
0.862218
0.817266
0.852454
0.890788
0.695770
0.740035
0.781928
0.798130
0.849197
0.752724
1.118014
1.113233
0.752941
0.853178
0.745784
0.790935
0.943050
0.837040
0.865646
0.814316
0.835504
0.797964
0.836147
0.850584
0.813741
0.868485
0.706321
1.026435
0.878169
0.806929
0.739531
0.904058
0.853827
0.718548
0.978158
0.748975
0.726884
0.604163
0.816621
0.723731
0.724474
0.734650
0.732451
0.875763
0.958983
0.649530
0.907454
0.668797
1.022692
0.713994
0.844107
0.936084
0.843104
0.635039
0.881358
0.740855
0.932704
0.781494
0.895510
0.834841
0.830232
0.904456
0.570347
0.741230
0.875554
0.770766
0.837448
0.773930
0.738297
0.654908
0.685727
0.847843
0.685835
0.772520
0.697782
0.680828
0.841030
0.885402
0.941975
0.851323
0.725965
0.808640
0.810209
0.930492
0.759874
0.799654
0.736839
0.984533
0.707640
0.894443
0.728819
0.589531
0.766095
0.924453
0.765142
0.702669
0.712358
0.815244
0.795062
0.773705
0.790787
0.974815
0.829626
0.845524
0.652804
0.724101
0.803367
0.780409
0.717188
0.818146
0.872905
0.841164
0.797363
0.847608
0.818196
0.764858
0.873336
0.762585
0.881318
0.913262
0.821957
0.845962
0.823471
0.683535
0.812779
0.774668
0.759358
0.781471
0.587321
0.775340
0.686474
0.806252
0.751772
0.805891
0.636186
0.584752
0.728211
0.716494
0.850036
0.933767
0.686932
0.742989
0.753819
0.821452
0.771216
1.005891
0.671560
0.812775
0.591654
0.929877
0.893298
0.868381
0.895033
0.773984
0.872232
1.012455
0.781005
0.883317
0.788485
0.953398
0.846838
0.716748
0.814961
0.742297
0.727460
0.670885
0.716773
0.864193
0.536095
0.806033
0.933257
0.813620
0.723711
0.915214
0.694009
0.718559
0.864696
0.790544
0.791085
0.672642
0.944202
0.645489
0.927861
0.713632
0.934554
0.920936
0.897334
1.156009
0.760557
0.842596
0.936727
0.794738
0.661204
0.689401
0.806238
0.738945
0.838313
0.709321
0.823170
0.783607
0.915839
0.843348
0.873842
0.671715
0.896517
0.780931
0.875011
0.852509
0.654622
0.795801
0.632170
0.720124
0.899515
0.716019
0.748879
0.670102
0.717826
0.819983
0.815712
0.885777
0.881809
0.535489
0.860360
0.809337
0.713851
0.561407
0.881313
0.779801
0.823248
0.783838
0.733851
0.749037
0.810698
0.882491
0.959848
0.914651
0.883369
0.846208
0.652393
0.766081
0.693669
0.942505
0.724657
0.801861
0.759718
0.781439
0.848321
0.881837
0.933394
0.779784
0.749658
0.917923
0.719181
0.738247
0.585711
0.626065
0.712953
0.796715
0.711522
0.847841
0.773215
0.704532
0.840091
0.930858
0.900317
0.921748
0.762243
0.592143
0.947941
0.683510
0.747646
0.711689
0.663220
0.929407
0.772783
0.775089
0.835183
0.633688
0.862327
0.789639
0.724512
0.746562
0.940904
0.908382
0.916777
0.801715
0.750685
0.813540
0.977556
0.878648
1.010628
0.714024
0.880377
0.706705
0.857490
1.026616
1.100667
0.819004
0.762180
0.810914
0.803140
0.809848
0.788404
0.873909
0.725411
0.908366
1.008156
0.635663
0.734233
0.921303
0.761102
0.804054
0.862307
0.786769
0.919185
0.673060
0.839618
0.732415
0.705905
0.903291
0.790454
1.081412
0.869907
0.792646
0.835092
0.735969
1.104920
0.842365
0.864976
0.724375
0.765926
0.765830
0.640531
0.897765
0.878635
0.864954
0.761711
0.640977
0.914909
0.651279
0.927778
0.981537
0.828975
0.755142
0.673976
0.798151
0.649123
0.704612
0.822041
0.828590
0.781280
0.882930
0.825491
0.822262
0.787380
0.720541
0.621896
0.821849
0.698083
0.905329
0.642198
0.655836
0.661130
0.850924
0.720425
0.896586
0.758146
0.769733
0.567962
0.671821
0.720572
0.735788
0.747405
0.686359
0.759830
0.812680
0.811287
0.916346
0.957829
0.680754
0.802046
0.917830
0.891528
0.774270
0.854382
0.813394
0.773081
0.743904
0.688553
0.787877
0.903684
0.921126
0.710037
0.808748
0.766888
0.759456
0.770167
0.701056
0.798834
0.767632
0.805515
0.675817
0.750396
0.866014
0.793518
0.721271
0.581399
0.839647
0.785990
0.952513
0.881618
0.944880
0.867336
0.732476
0.675822
0.588279
0.826199
0.760431
0.924018
0.727778
0.712011
0.815416
0.701775
0.757281
0.673718
0.769946
0.933648
0.771040
0.694315
0.712786
0.711332
0.957588
0.922376
0.879842
0.653514
0.729147
0.708277
0.721025
0.798116
0.926155
0.797480
0.644738
0.781497
0.812821
0.706378
0.628616
0.807903
0.699588
0.550567
0.925453
0.902355
0.855719
0.705249
0.773790
0.694094
0.658105
0.534466
0.647744
0.760637
0.715558
0.846650
0.617144
0.739696
0.876574
0.746906
0.615186
0.751446
0.859277
0.737555
0.717704
0.827659
0.797451
0.718697
0.805947
0.811282
0.860937
0.836208
0.649104
0.883622
0.692834
0.880145
0.861907
0.745616
0.805087
0.864506
0.804928
0.810743
0.620434
0.857432
0.773114
0.814640
0.825885
0.645948
0.591240
0.693458
0.749877
0.724363
0.775125
0.629276
0.840202
0.786744
0.887519
0.972937
0.770559
0.816125
0.735349
0.735343
0.670835
0.791300
0.924135
0.977394
0.780313
0.765003
0.725064
0.780962
0.735358
0.748522
0.699871
0.619100
0.846715
0.576784
0.618587
0.840209
0.734461
0.805448
0.744079
0.761729
0.783366
0.783551
0.771510
0.794241
0.677030
0.677386
0.738550
1.007800
0.894421
0.716313
0.648389
0.829402
1.008536
0.860653
0.797233
0.756663
0.957052
0.867513
0.860872
0.741642
0.773534
0.705018
0.793567
0.723466
0.729896
0.921920
0.778242
1.017364
0.800525
0.823522
0.802904
0.955337
0.693693
0.842129
0.791202
0.802296
0.653858
0.761150
0.765512
0.764127
0.957120
0.843130
0.787060
0.771554
0.754656
0.795780
0.849186
0.813746
0.781486
0.685037
0.750638
0.840192
0.702462
0.730959
0.958611
0.694901
0.808130
0.782110
0.774242
0.945883
0.760435
0.741828
0.833059
0.702002
0.662149
0.646173
0.804846
0.770092
0.812203
0.660771
0.726774
0.816494
0.644230
0.800557
0.862643
0.813347
0.707027
0.793527
0.916520
0.619908
0.700182
0.686858
0.708692
0.627481
0.532906
0.841166
0.967771
0.800155
1.058643
0.891690
0.791505
0.681546
0.878872
0.915975
0.943947
0.844998
0.822158
0.834236
0.665341
0.886096
0.783418
0.870313
0.756684
0.894992
0.749114
0.706637
0.850064
0.815337
0.908928
0.878345
0.688915
0.694812
0.866088
0.832916
0.848764
0.807789
0.773168
0.769677
0.731022
0.673518
0.933063
0.799782
0.777936
1.095535
0.821241
0.793661
0.742721
0.741101
0.694170
0.726978
0.705379
0.624876
0.776619
0.872616
0.850884
0.660359
0.940397
0.819176
0.735169
0.842692
0.687839
0.650187
0.907558
0.733257
0.815606
0.708410
0.717272
0.858518
0.636185
0.949072
0.610817
0.904488
0.752814
0.886685
0.862407
0.655407
0.792349
0.751578
0.808827
0.621197
0.722081
0.810505
0.756829
0.648039
0.858130
0.745487
0.774458
0.771483
0.677059
0.655382
0.730201
0.626869
0.813690
0.778321
0.618722
0.671765
0.775757
0.696365
0.764813
0.780953
1.000034
0.790640
0.860992
0.888379
0.884114
0.716881
0.799237
0.921769
0.816786
0.701198
0.627972
0.787277
0.931389
0.684704
0.733096
0.897352
0.846392
0.748960
0.901551
0.764544
0.693960
0.758129
0.744592
1.001768
0.690663
0.620474
0.685527
0.679430
0.738288
0.896446
0.765049
0.715791
0.792870
0.940681
0.695554
0.727040
0.649869
0.763127
0.772519
0.941389
0.746977
0.584116
0.763542
0.742076
0.771969
0.713226
0.740357
0.728135
0.746199
0.775026
0.699471
0.764313
0.631821
0.644229
0.802361
0.759542
0.728665
0.803333
0.726881
0.699432
0.803772
0.743912
0.701027
0.697167
1.069051
0.770478
0.816558
0.892537
0.678432
0.847797
0.662941
0.948603
0.753201
0.811269
0.865881
0.569599
0.814677
0.893004
0.806741
0.869294
0.801301
0.754405
0.963445
0.894147
0.690790
0.767206
0.885915
0.768484
0.896484
0.825295
0.696792
0.832367
0.793219
0.787823
0.682640
0.771878
0.692612
0.737760
0.598025
0.795597
0.746010
0.815997
0.755397
0.592090
0.841587
0.798323
0.939770
0.751912
0.896831
0.772564
0.798223
0.792580
0.739758
0.781095
0.649494
0.616830
0.735144
0.683781
0.705593
0.865224
0.711151
0.825559
0.710294
0.712010
0.789067
0.591937
0.588401
0.923711
1.031873
0.521262
0.699691
0.744779
0.719777
0.759249
0.788909
0.835547
0.781234
0.776233
0.709603
0.841228
0.731875
0.797602
0.843454
0.736855
0.815449
0.861514
0.988707
0.849509
0.739487
0.701515
1.071932
0.658274
0.944648
0.706599
0.703954
0.802585
0.787103
0.782944
0.835509
0.691887
0.834352
0.806139
0.943313
0.752678
0.899269
0.699944
0.724578
0.826944
0.724254
0.777213
0.863364
0.722587
0.803293
0.799674
0.769976
0.703034
0.658606
0.616230
0.577936
0.775363
0.732708
0.672236
0.705504
0.808187
0.680837
0.663150
0.640616
0.591496
0.644422
0.652733
0.918910
0.838489
0.687503
0.745773
0.984962
0.663634
0.806778
0.724685
0.775680
0.814710
0.897642
0.836296
0.864122
0.687636
0.664178
0.650077
0.864850
0.697558
0.615069
0.691915
0.721438
0.715190
0.907829
0.902923
0.762860
0.677781
0.826418
1.060124
0.860034
0.713800
0.822891
0.905231
1.014608
0.801258
0.696341
0.943137
0.712059
0.707523
0.791496
0.769466
0.847600
0.804761
0.782688
0.636378
0.796919
0.763280
0.934814
0.709324
0.746665
0.582377
0.788939
0.780050
0.711265
0.701772
0.804174
0.666867
0.654295
0.610615
0.660300
0.680209
0.831787
0.788613
0.800161
0.733589
0.767178
0.693418
0.760284
0.628701
0.841140
0.686672
0.927430
0.649640
0.670934
0.894241
0.772780
0.852677
0.512921
0.687882
0.663988
0.814277
0.818261
0.721845
0.591824
0.834254
0.809143
0.706178
0.715583
0.940497
0.921610
0.643163
0.678591
0.872347
0.654836
0.811907
0.813241
0.837894
0.965272
0.770838
0.719217
0.666796
0.720176
0.819951
0.657395
0.885558
0.909131
0.820725
0.588946
0.806339
0.791622
0.763030
0.856832
0.784359
0.981640
0.905936
0.781460
0.825105
0.721893
0.832112
0.699973
0.845083
0.732742
0.694954
0.799484
0.988847
0.709863
0.758421
0.804684
0.751864
0.778832
0.798323
0.821061
0.638542
0.631046
0.781730
0.863590
0.698995
0.878808
0.586488
0.682083
0.774419
0.865817
0.663505
0.730767
0.784717
0.797466
0.582937
0.764242
0.601828
0.836253
0.669825
0.847980
0.866211
0.712056
0.654506
0.844434
0.616781
0.736098
0.816670
0.663529
0.973704
0.861405
0.798569
0.762612
0.826922
0.656184
0.837466
0.759970
0.750377
0.846909
0.792920
0.734194
0.867762
0.676561
0.547539
0.821062
0.707547
0.684845
0.675178
0.646954
0.795960
0.734039
1.024447
0.757747
0.754594
0.626525
0.766838
0.761721
0.837812
0.654973
1.024549
0.832452
0.741017
0.770116
0.839365
0.703661
0.638549
0.833770
0.595398
0.847125
0.699210
0.844337
0.697343
0.955475
0.893409
0.723028
0.659129
0.799299
0.884140
0.729920
0.863747
0.834965
0.750415
0.655911
0.744827
0.762979
0.678438
0.794168
0.698164
0.898501
0.794127
0.768905
0.776772
0.786257
0.628356
0.767553
0.767014
0.842405
0.712188
0.921880
0.901904
0.839066
0.586025
0.600970
0.616196
0.652206
0.764691
0.799379
0.718370
0.772362
0.802537
0.656778
0.800396
0.681546
0.884560
0.726118
0.649783
0.909713
0.670075
0.769711
0.817142
0.499050
0.878444
0.738113
0.951830
0.841345
0.723876
0.721960
0.647134
0.768819
0.795674
0.774408
0.572855
0.751350
0.704379
0.661982
0.596055
1.033807
0.563152
0.683117
0.606734
0.691255
0.764126
0.749324
0.681373
0.500561
0.848184
0.823473
0.766065
0.792439
0.771645
0.608230
0.912294
0.787984
0.710657
0.783230
0.792458
0.618150
0.748941
0.866329
0.785258
0.715522
0.823675
0.954917
0.962183
0.689266
0.815311
0.698681
0.677678
0.748003
0.752108
0.647233
0.629702
0.774125
0.977052
0.790619
0.666540
0.776199
0.590568
0.765109
0.824639
0.700256
0.755948
0.715874
0.605200
0.691911
0.694436
0.640846
0.751986
0.681346
0.794245
0.697613
0.827543
0.760375
0.688180
0.791533
0.717876
0.693816
0.632960
0.769714
0.762318
0.674596
0.615943
0.842361
0.852958
0.719835
0.754691
0.765040
0.706199
0.784750
0.730337
0.771830
0.663246
0.613475
0.727648
0.837301
0.650905
0.782117
0.837471
0.615404
0.628612
0.785339
0.789789
0.675533
0.869403
0.677259
0.593280
0.590664
0.733698
0.727228
0.693862
0.686171
0.690934
0.748877
0.649360
0.537207
0.685711
0.851719
0.702209
0.750127
0.719978
0.820539
0.707857
0.826365
0.727617
0.588564
0.689058
0.787408
0.650114
0.744173
0.691367
0.717584
0.879797
0.763016
0.845356
0.620449
0.670185
0.804386
0.617014
0.691911
0.728235
0.742583
0.986379
0.863004
0.741713
0.892600
0.622214
0.654651
0.982012
0.668150
0.704377
0.745462
0.556364
0.711953
0.707647
0.711685
0.772795
0.611859
0.848619
0.892073
0.803464
0.699467
0.855370
0.903692
0.708445
0.636231
0.787107
0.822516
0.699293
0.772857
0.739318
1.012005
0.784953
0.652535
0.711126
0.721232
0.704979
0.729990
0.699869
0.723399
0.641169
0.633008
0.804971
0.870130
0.708381
0.687759
0.738138
0.881700
0.822744
0.780360
0.866579
0.620458
0.828831
0.637332
0.799694
0.799933
0.757391
0.664949
0.759877
0.578490
0.767287
0.860955
0.857057
0.863221
0.720824
0.701362
0.757160
0.713416
0.806541
0.884511
0.772193
0.762046
0.716786
0.935327
0.738551
0.735107
0.735317
0.707066
0.714819
0.679562
0.757119
0.768370
0.685584
0.515450
0.892002
0.817574
0.873195
0.822266
0.715558
0.667626
0.648964
0.777508
0.774272
0.649985
0.798587
0.805306
0.630314
0.788993
0.647128
0.734043
0.589685
0.726238
0.636571
0.646895
0.670390
0.549206
0.848550
1.050770
0.810074
0.799040
0.588096
0.687917
0.759845
1.015103
0.771633
0.714667
0.516222
0.684172
0.795850
0.817739
0.667741
0.767586
0.770974
0.695105
0.806252
0.934798
0.654262
0.763243
0.732846
0.827373
0.905501
0.650671
0.632893
0.727742
0.679567
0.818553
0.634862
0.806102
0.752294
0.606762
0.716791
0.741356
0.613400
0.651549
0.600095
0.821437
0.809421
0.720073
0.730691
0.693789
0.831465
0.748973
0.718013
0.813899
1.041692
0.646913
0.618926
0.745452
0.793802
0.700682
0.782105
0.802313
0.729183
0.750037
0.775653
0.733651
0.731437
0.586469
0.740295
0.648576
0.729967
0.721415
0.820038
0.960761
0.734633
0.753473
0.682691
0.984178
0.654186
0.901069
0.553974
0.714072
0.716433
0.660120
0.748572
0.737158
0.516228
0.647793
0.660405
0.842831
0.826180
0.682503
0.714047
0.748783
0.892480
0.715960
0.645183
0.707994
0.661539
0.814937
0.689957
0.734092
0.780312
0.633715
0.671868
0.852953
0.799091
0.598497
0.717773
0.765273
0.747220
0.780531
0.808918
0.832029
0.622011
0.735299
0.724060
0.795605
0.683150
0.657010
0.767627
0.678580
0.818036
0.733413
0.716804
0.537452
0.511596
0.603406
0.769480
0.683494
0.815663
0.880273
0.682968
0.659232
0.646181
0.664520
0.722234
0.487560
0.804155
0.690808
0.749887
0.836425
0.931773
0.667362
0.785512
0.708437
0.717456
0.661778
0.862196
0.770443
0.595047
0.830780
0.750553
0.780954
0.698312
0.682832
0.631627
0.729034
0.645934
0.588124
0.856248
0.915821
0.603372
0.870610
0.839112
0.593301
0.658863
0.787929
0.668257
0.633039
0.846717
0.861994
0.743384
0.741639
0.590489
0.696697
0.896363
1.069617
0.838601
0.837294
0.807610
0.794090
0.741485
0.760915
0.844702
0.724561
0.747139
0.748231
0.737829
0.752872
0.771607
0.656122
0.842859
0.758305
0.593453
0.775936
0.640329
0.536369
0.673895
0.814101
0.689729
0.694478
0.711555
0.612506
0.572586
0.695209
0.570674
0.694168
0.655021
0.634277
0.739581
0.921298
1.009879
0.619402
0.719983
0.703651
0.776318
0.808216
0.899693
0.802787
0.755346
0.753204
0.954065
0.707341
0.679856
0.755172
0.657928
0.867403
0.680627
0.706079
0.839868
0.579246
0.662780
0.698334
0.699546
0.763218
0.802892
0.677961
0.588469
0.756487
0.662996
0.716379
0.827306
0.754560
0.840635
0.755913
0.790713
0.672724
0.595443
0.664615
0.712710
0.686244
0.721583
0.663093
0.626223
0.715464
0.688462
0.745558
0.749897
0.825146
0.736013
0.629690
0.639343
0.495248
0.755343
0.727747
0.836276
0.748600
0.728774
0.780085
0.560053
0.914398
0.669096
0.658679
0.622129
0.841740
0.801769
0.899102
0.609588
0.867039
0.680566
0.601765
0.863314
0.635016
0.642167
0.663561
0.717911
0.797237
0.639611
0.900256
0.887074
0.602528
0.736217
0.762990
0.699136
0.879176
0.863599
0.618103
0.797423
0.903075
0.793865
0.602037
0.734824
0.747875
0.865598
0.640959
0.637039
0.707635
0.717402
0.785825
0.971259
0.697304
0.727100
0.645419
0.816989
0.739154
0.885108
0.617546
0.737312
0.581778
0.731642
0.802220
0.700921
0.693981
0.731784
0.693180
0.665723
0.570661
0.771045
0.647790
0.767652
0.646311
0.561653
0.695352
0.820974
0.753513
0.742426
0.796759
0.871177
0.687366
1.014218
0.663293
0.714909
0.599789
0.856332
0.749703
0.757445
0.658420
0.694610
0.850066
0.668433
0.802296
0.724467
0.679443
0.709515
0.758630
0.663092
0.650920
0.679485
0.709011
0.686876
0.669737
0.644792
0.781029
0.759643
0.582315
0.753589
0.602874
0.868905
0.667261
0.756895
0.813863
0.712018
0.791658
0.854387
0.756163
0.673036
0.794666
0.746060
0.753199
0.682534
0.631607
0.585685
0.725360
0.740868
0.904049
0.754121
0.626614
0.830962
0.850117
0.741635
0.609990
0.791576
0.773117
0.632080
0.580687
0.626255
0.663693
0.681242
0.733166
0.813136
0.686929
0.677990
0.471232
0.569843
0.687284
0.606778
0.681710
0.651182
0.813488
0.799766
0.568556
0.741856
0.841362
0.828546
0.785687
0.794414
0.596494
0.627555
0.780677
0.836854
0.545987
0.797715
0.823552
0.647808
0.918489
0.717819
0.655576
0.834308
0.743280
0.876006
0.674198
0.746459
0.584734
0.851965
0.684537
0.747930
0.722665
0.634049
0.811948
0.660977
0.625780
0.825050
0.654206
0.698071
0.685516
0.575429
0.677983
0.806390
0.785600
0.734195
0.872970
0.785024
0.773563
0.599006
0.618084
0.931438
0.811242
0.785659
0.665512
0.698977
0.884148
0.713090
0.766896
0.851643
0.758874
0.678036
0.603856
0.628100
0.747550
0.666356
0.926283
0.748544
0.556545
0.672275
0.641783
0.702882
0.843099
0.843580
0.619077
0.727950
0.745669
0.744493
0.453608
0.658591
0.594012
0.592977
0.843831
0.740536
0.717538
0.535639
0.644546
0.657282
0.743728
0.750645
0.943910
0.667701
0.785440
0.774800
0.753159
0.593521
0.669250
0.368719
0.827789
0.791913
0.737710
0.809430
0.752936
0.684408
0.745281
0.764133
0.647870
0.623940
0.763148
0.769461
0.558263
0.565619
0.837670
0.712029
0.616666
0.561636
0.934608
0.770383
0.697048
0.781618
0.797913
0.773332
0.724316
0.839093
0.707336
0.752908
0.661707
0.705687
0.874831
0.860498
0.762083
0.794152
0.652519
0.820365
0.938795
0.897380
0.703805
0.814304
0.791992
0.789184
0.766850
0.832458
0.828012
0.740225
0.673914
0.716244
0.710497
0.768410
0.609248
0.799174
0.616024
0.732591
0.784667
0.784710
0.934102
0.571496
0.788386
0.860439
0.654923
0.750107
0.653535
0.764374
0.727065
0.899888
0.648359
0.719938
0.710849
0.895392
0.669262
0.625145
0.556917
0.712991
0.776239
0.737244
0.613881
0.527171
0.615528
0.687867
0.907026
0.606014
0.697191
0.863593
0.661177
0.664114
0.746720
0.678082
0.726954
0.661600
0.696127
0.677691
0.756427
0.897497
0.579413
0.674314
0.857191
0.644268
0.593381
0.837084
0.673157
0.620793
0.663099
0.737253
0.745011
0.582591
0.798020
0.773901
0.675099
0.665811
0.820560
0.812477
0.557684
0.782097
0.585824
0.616205
0.751558
0.831563
0.609844
0.596414
0.717949
0.588027
0.789527
0.795550
0.586564
0.596909
0.747170
0.745509
0.879504
0.561234
0.678118
0.598234
0.679935
0.557371
0.625724
0.718878
0.631471
0.674456
0.780527
0.603068
0.707599
0.578520
0.716650
0.658527
0.715069
0.737046
0.802508
0.713329
0.586261
0.721329
0.622940
0.830106
0.704032
0.657217
0.656248
0.661617
0.614392
0.860000
0.663092
0.658070
0.808645
0.678069
0.693558
0.961617
0.694387
0.886586
0.780300
0.626103
0.584941
0.805720
0.581446
0.780684
0.937046
0.585048
0.683253
0.808168
0.715819
0.724299
1.129521
0.565839
0.600540
0.580483
0.798710
0.794989
0.675739
0.898054
0.607550
0.821348
0.658791
0.727186
0.771842
0.706930
0.708727
0.802732
0.576933
0.729045
0.839272
0.744670
0.605405
0.648893
0.670501
0.837710
0.553654
0.783847
0.619881
0.587017
0.793633
0.556231
0.828633
0.595823
0.635045
0.549190
0.768618
0.700519
0.604625
0.469306
0.646730
0.782132
0.599020
0.804772
0.631213
0.623444
0.585822
0.525319
0.675292
0.450779
0.608799
0.664969
0.620951
0.768625
0.638708
0.775310
0.902186
0.753310
0.699755
0.810987
0.675433
0.581319
0.624992
0.624865
0.803912
0.971304
0.744721
0.748658
0.623020
0.891542
0.821425
0.757992
0.758951
0.718770
0.721796
0.764543
0.668644
0.607762
0.653096
0.694284
0.766360
0.549135
0.865961
0.698478
0.688929
0.635010
0.740579
0.820851
0.717879
0.698050
0.768242
0.820217
0.624408
0.652261
0.744922
0.753753
0.885015
0.565791
0.730319
0.700520
0.740359
0.529746
0.651304
0.759847
0.586059
0.798735
0.793835
0.560403
0.645430
0.722824
0.782335
0.792771
0.774258
0.418063
0.749908
0.585009
0.636050
0.751567
0.528921
0.815112
0.765546
0.750068
0.646304
0.638622
0.741353
0.626445
0.578083
0.884204
0.539078
0.652910
0.585922
0.781866
0.823224
0.730897
0.794010
0.735992
0.813012
0.695805
0.629296
0.689435
0.742244
0.629874
0.825335
0.757869
0.626059
0.863224
0.599937
0.778862
0.820241
0.777557
0.667906
0.744105
0.638839
0.624342
0.881283
0.638832
0.677100
0.776624
0.595378
0.652171
0.830702
0.799140
0.534997
0.702553
0.671201
0.597285
0.634434
0.559289
0.639922
0.778814
0.700003
0.667820
0.965316
0.890712
0.807325
0.440560
0.541205
0.796700
0.628861
0.737988
0.807557
0.861731
0.773465
0.612605
0.650851
0.717441
0.716742
0.601923
0.611066
0.707768
0.589443
0.599182
0.801791
0.699038
0.759881
0.717100
0.848470
0.667220
0.660530
0.772208
0.679740
0.711397
0.784567
0.611902
0.664664
0.715537
0.831693
0.561564
0.677073
0.705010
0.722872
0.638548
0.672325
0.844174
0.499547
0.685351
0.782165
0.792178
0.901428
0.785796
0.727727
0.609473
0.845064
0.806910
0.822835
0.606852
0.566039
0.680940
0.585317
0.677653
0.766984
0.683491
0.513386
0.687620
0.683109
0.449028
0.662684
0.767648
0.915024
0.631422
0.626437
0.651223
0.678753
0.696965
0.718125
0.638104
0.780609
0.660453
0.639572
0.599278
0.660682
0.731358
0.602948
0.593554
0.770065
0.734504
0.649035
0.497497
0.768673
0.722919
0.724780
0.727006
0.691469
0.720763
0.707802
0.721628
0.602533
0.511306
0.708047
0.559892
0.700966
0.834787
0.765391
0.617512
0.768808
0.638951
0.525786
0.731091
0.709802
0.784760
0.657899
0.772987
0.723718
0.668183
0.828539
0.598748
0.668339
0.900524
0.594029
0.624892
1.001995
0.694466
0.615190
0.703328
0.678944
0.539109
0.652241
0.668599
0.780104
0.730994
0.756220
0.820658
0.730731
0.868182
0.532907
0.637453
0.832892
0.720319
0.690732
0.687490
0.643092
0.806112
0.670216
0.636815
0.672105
0.771249
0.887205
0.462162
0.694492
0.795462
0.578956
