2.302968
2.299902
2.324579
2.317034
2.302701
2.301484
2.298305
2.289508
2.276003
2.280704
2.221475
2.244472
2.247467
2.210857
2.270125
2.267458
2.266067
2.147601
2.212140
2.167274
2.143414
2.183709
2.146764
2.187795
2.121782
2.240949
2.004916
2.099716
2.305074
2.317456
2.131364
2.111164
2.175238
2.147230
2.114691
2.118633
2.061990
2.250823
2.152974
2.106008
2.126428
2.127929
2.101783
2.044404
2.094528
2.064008
2.077451
2.266136
2.063777
2.072354
2.002913
2.112573
2.038899
2.037923
2.101854
2.065999
1.963257
1.945125
2.028574
2.013762
1.995034
2.006009
2.043689
2.031464
2.008252
1.954471
1.911975
1.927312
1.969757
1.962720
1.917987
1.878261
2.036552
2.011654
1.983959
2.025643
1.939726
1.993413
1.982141
1.906947
1.980885
1.885628
1.925974
1.927438
1.944086
2.035291
1.896123
1.903545
1.966443
1.866534
1.982787
1.842659
1.875669
1.952891
1.931303
1.833358
1.937839
1.870222
1.975476
1.855009
1.766255
1.850181
2.035234
1.931425
1.890073
2.055492
1.897496
1.869652
1.871798
1.792148
1.762769
2.023911
1.893868
1.901761
1.784942
1.899287
1.810951
1.874013
1.861214
1.805358
1.771103
1.678001
2.002810
1.879905
1.874211
1.811404
1.777935
1.804725
1.848680
1.785459
1.910768
1.839034
1.831702
1.785732
1.773874
1.718873
1.802061
1.767331
1.763150
1.720032
1.658846
1.796842
1.762143
1.676703
1.779457
1.847149
1.933387
1.738693
1.764495
1.826046
1.784414
1.801142
1.626506
1.645558
1.763447
1.749884
1.818303
1.758318
1.702710
1.615868
1.730322
1.683392
1.718147
1.610112
1.729672
1.664511
1.720800
1.805414
1.696414
1.985511
1.678529
1.698798
1.720449
1.802880
1.714788
1.756942
1.637634
1.696713
1.669242
1.579178
1.593672
1.749617
1.657016
1.673175
1.721557
1.676283
1.722547
1.624086
1.595785
1.704233
1.740981
1.843539
1.686999
1.701813
1.634800
1.609393
1.579935
1.567095
1.624149
1.626142
1.666592
1.690278
1.716526
1.682057
1.596155
1.820071
1.617247
1.635786
1.774088
1.502383
1.687641
1.654035
1.484501
1.662497
1.700486
1.703293
1.638444
1.681425
1.518175
1.687220
1.537649
1.579872
1.519875
1.576465
1.706867
1.569845
1.593464
1.506776
1.632551
1.531759
1.651202
1.639755
1.519415
1.578419
1.583524
1.692099
1.585840
1.553463
1.614667
1.666615
1.466424
1.475664
1.426206
1.522593
1.555830
1.484722
1.566594
1.683571
1.473073
1.707028
1.493877
1.580734
1.681219
1.485438
1.698054
1.703575
1.490325
1.776316
1.586635
1.516627
1.484868
1.485294
1.530724
1.546282
1.538225
1.802567
1.509665
1.454623
1.718338
1.643983
1.444821
1.568099
1.653046
1.557826
1.630096
1.465076
1.537101
1.542601
1.542104
1.513933
1.567779
1.617894
1.798995
1.590721
1.602658
1.649951
1.725810
1.615829
1.632546
1.631466
1.520159
1.520539
1.474554
1.476817
1.472962
1.581819
1.621125
1.540918
1.586694
1.585504
1.615858
1.565816
1.499438
1.532794
1.447938
1.586063
1.424393
1.421691
1.524824
1.441440
1.507010
1.596954
1.481738
1.509180
1.506416
1.436103
1.461231
1.509526
1.532937
1.483278
1.549432
1.681913
1.569466
1.418518
1.471394
1.565060
1.550870
1.488299
1.702067
1.262020
1.689513
1.640686
1.494272
1.436819
1.617915
1.632443
1.548335
1.600549
1.590250
1.583572
1.512011
1.419206
1.598974
1.383925
1.587521
1.673947
1.574748
1.426383
1.544199
1.334149
1.489341
1.594317
1.399671
1.541841
1.398476
1.527614
1.529967
1.486649
1.476178
1.448825
1.517102
1.515768
1.283443
1.391122
1.562420
1.409019
1.574567
1.329442
1.378893
1.497303
1.526132
1.469706
1.352163
1.446480
1.455274
1.454420
1.606917
1.484463
1.603263
1.413640
1.582410
1.475751
1.253816
1.328163
1.479092
1.390759
1.418787
1.390200
1.443864
1.594500
1.381400
1.233944
1.328947
1.517894
1.464432
1.337449
1.346354
1.316648
1.456225
1.557902
1.503974
1.491055
1.619162
1.437726
1.489059
1.341035
1.434287
1.391351
1.332303
1.294600
1.331230
1.476182
1.455128
1.339791
1.228589
1.530172
1.528375
1.522680
1.358540
1.615110
1.339170
1.415909
1.536052
1.436076
1.382389
1.402418
1.440515
1.330683
1.306989
1.363556
1.476459
1.450560
1.440364
1.280056
1.431654
1.434743
1.449816
1.368025
1.473753
1.270022
1.417338
1.375525
1.328398
1.377610
1.253261
1.514317
1.485165
1.417234
1.511761
1.363661
1.421524
1.177964
1.415194
1.300996
1.278533
1.184190
1.229866
1.507840
1.362936
1.294098
1.300942
1.344507
1.266756
1.390927
1.413749
1.428002
1.535769
1.340229
1.479100
1.388701
1.351714
1.379676
1.291720
1.267982
1.420672
1.406479
1.537236
1.212202
1.254004
1.109519
1.335962
1.221329
1.456892
1.236817
1.294178
1.321958
1.308653
1.495252
1.293431
1.272554
1.473509
1.447676
1.344090
1.330260
1.300109
1.467351
1.592025
1.522749
1.371925
1.282397
1.399161
1.358354
1.272824
1.371423
1.235272
1.391443
1.137438
1.426699
1.345965
1.365283
1.397448
1.427575
1.248648
1.361418
1.338378
1.248123
1.408614
1.288200
1.314566
1.342713
1.296296
1.259905
1.190759
1.275428
1.156526
1.261444
1.197541
1.203853
1.189908
1.379707
1.085935
1.280706
1.355742
1.243962
1.182124
1.487608
1.288224
1.170576
1.249207
1.343226
1.272019
1.204981
1.312425
1.280103
1.302927
1.380738
1.270093
1.306797
1.224759
1.220711
1.299423
1.574555
1.295734
1.281579
1.252706
1.177742
1.313188
1.335457
1.206618
1.190983
1.329363
1.326745
1.343775
1.229241
1.222259
1.169513
1.193341
1.209363
1.118053
1.139338
1.038616
1.056849
1.080622
1.130160
1.391176
1.171735
1.479764
1.352161
1.159869
1.330045
1.207692
1.147667
1.273225
1.429664
1.324335
1.332739
1.214866
1.394949
1.235112
1.218032
1.358748
1.313338
1.195635
1.371393
1.296100
1.335523
1.491935
1.249922
1.455619
1.180121
1.385120
1.209383
1.286798
1.288952
1.145484
1.234120
1.198780
1.168108
1.265363
1.329008
1.285825
1.191636
1.348130
1.135836
1.092174
1.161423
1.186852
1.040247
1.146539
1.223356
1.185170
1.328481
1.236111
1.237683
1.259005
1.214653
1.220434
1.253634
1.146533
1.237584
1.307962
1.197587
1.282590
1.264388
1.114481
1.452834
1.261616
1.116008
1.321125
1.362407
1.219126
1.378104
1.234702
1.174103
1.062323
1.221915
1.135352
1.166740
1.257497
1.310480
1.114272
1.245631
1.249647
0.935620
1.306517
1.167421
1.136299
1.124901
1.136760
1.289027
1.169555
1.340423
1.296615
1.002235
1.300464
1.238098
1.404716
1.042919
1.257393
1.248366
1.137723
1.119433
1.219624
1.063499
1.169387
1.156830
1.140366
1.151910
1.038083
1.333745
1.102709
1.200775
1.112604
1.121628
1.348916
1.115860
1.202855
1.130194
1.029377
1.523589
1.256760
1.146613
1.266534
1.134305
1.269001
1.203449
1.113215
1.033280
1.126221
1.084836
1.221306
1.250171
1.106294
1.263779
1.135209
1.154152
1.151376
1.221023
1.059181
1.168284
1.162787
1.166055
1.074090
1.196172
1.136008
1.104744
1.173298
1.400400
1.349037
1.328619
1.316338
1.193771
1.067961
1.215151
1.203454
1.122108
1.400957
1.013657
1.063384
0.990059
1.096655
1.144702
1.187150
1.076102
1.147633
1.237860
1.140160
1.138506
1.109705
1.292652
1.218750
1.057439
1.241484
1.106962
1.215347
1.119252
0.996427
1.096381
0.958305
0.928849
0.995111
1.178677
1.110196
1.135016
1.199789
1.039251
1.039272
0.957702
1.058591
1.055061
1.395113
1.088768
1.204844
1.066095
1.058298
1.107640
1.123908
1.214546
1.060151
1.149155
1.167398
1.007250
0.940486
1.082807
1.091331
1.020459
0.939082
1.230553
1.005634
1.003867
1.105499
1.156941
1.008631
1.031498
1.431449
1.152515
1.021818
0.999995
1.105665
1.134835
1.122770
1.143880
1.188989
0.918441
1.178153
0.924260
0.861712
0.961527
1.270416
0.953654
1.062977
1.151334
0.953309
0.950673
1.122509
1.236851
1.023852
1.107599
1.025781
0.965545
1.148789
1.180850
0.831204
1.041181
1.142430
0.924948
1.146788
0.885646
0.880527
1.251863
1.032054
1.125933
1.074583
1.072287
1.131005
1.414054
1.119010
1.188201
1.176649
1.181075
1.039742
1.136760
1.008323
1.089703
0.991485
1.053707
1.009754
1.150434
0.934884
1.181390
1.118471
0.988359
1.040868
0.974690
1.130688
1.060666
1.206635
1.000661
1.152486
1.050154
1.204126
1.170745
1.056453
1.011098
1.060158
0.880826
0.883059
1.028596
0.970521
1.185616
0.999154
1.010240
0.942951
1.004341
1.143120
1.153599
0.923573
1.046625
1.367311
1.070751
1.156405
1.072766
1.156309
1.092492
1.078854
0.962439
1.029986
0.941915
0.960138
1.118681
0.941535
1.010415
1.104863
1.089084
1.003133
0.874035
1.033496
0.955214
1.110138
1.214214
1.141216
0.923656
0.946620
0.936749
1.139048
0.974137
1.174525
0.921482
1.172243
1.114124
1.056840
1.104052
0.880116
1.084752
1.222828
1.033597
1.123270
0.968736
1.242536
1.164121
0.977883
1.083662
1.087461
1.069309
1.064621
1.125137
1.032222
0.978675
0.893409
0.966835
0.957221
1.120535
1.100589
1.047867
1.097821
0.930576
0.980796
1.002411
1.168954
1.017779
0.956372
1.119258
1.072654
1.098981
0.849176
1.070654
1.016999
0.933442
0.937613
1.092527
0.950430
1.174501
1.026450
0.949874
0.909426
0.976834
1.063944
1.093061
1.146496
0.818645
0.970313
0.861294
1.243354
0.850544
0.954276
1.214255
1.050643
1.081388
1.218403
0.880700
1.098885
1.023039
1.197371
1.156761
0.879286
1.129531
1.027119
1.007422
0.955655
1.119306
0.947446
0.983144
0.960840
0.916956
0.983475
1.105036
0.753474
0.959960
1.119676
0.837336
0.930249
1.057803
0.968582
0.949562
1.069822
0.964967
0.936544
1.000808
0.963469
1.108885
1.108422
0.893533
1.097680
0.924382
0.844243
0.958640
1.026200
0.895789
1.231654
0.879307
0.797204
0.960769
1.079484
0.959476
0.968269
0.799906
0.968432
1.082985
1.064151
1.009468
0.889212
1.082482
1.024964
1.059921
0.958678
1.011634
1.083257
1.032369
1.210694
1.019286
0.980280
1.063452
0.901261
0.894493
0.921434
0.969326
1.008795
0.915613
0.897130
1.109136
0.991621
0.796443
0.850354
0.742566
1.041557
0.994267
0.951662
1.003814
1.144279
0.979267
1.013430
0.881085
0.858312
1.070190
0.967461
0.895387
0.881186
1.236320
1.006062
1.017753
1.220758
0.933945
0.978802
0.987949
0.998961
0.867992
1.009883
0.906472
0.858011
0.902340
1.000808
1.030409
1.022763
0.939851
0.963317
1.062583
0.875445
0.892883
0.863515
0.770963
0.979766
0.936136
0.778781
1.179078
0.826174
0.847122
0.912747
0.928276
0.824241
1.046170
0.893029
1.026612
1.084587
0.889916
1.071542
0.865263
0.897325
1.010280
0.899253
1.089854
0.897132
0.878018
0.803585
0.881843
0.996515
0.981425
0.700117
0.941431
0.996777
0.722879
1.141360
1.027584
0.971749
0.950406
0.866872
0.950227
0.963055
1.106444
0.890140
0.986777
1.074450
1.043096
0.963756
0.871415
0.788608
0.998027
0.899944
1.015208
0.779467
0.876950
0.790509
0.964186
1.085090
0.986499
0.893275
0.890526
0.849007
0.948902
0.942112
0.996060
0.984073
0.970111
1.016258
0.911343
0.937779
0.814137
1.014544
0.823651
0.813010
1.213006
0.969800
0.861943
0.952787
0.959580
0.788191
0.984542
0.735717
1.074263
1.000535
0.821377
1.013837
0.844673
1.202262
0.738197
0.939661
0.854210
1.028209
1.047032
0.994340
1.041270
0.879161
0.767833
0.773925
0.933912
1.036379
0.876882
0.927147
0.886889
0.992721
1.020326
0.940411
0.793143
0.972983
0.928756
0.816133
1.056788
1.076983
0.732722
0.895578
0.826091
0.843323
0.777728
0.954309
0.812185
0.913510
0.910284
0.775622
0.917773
0.922070
0.940736
0.840528
0.677606
0.791800
0.882530
0.833601
0.760253
0.903263
0.689287
0.937020
0.860932
0.960924
0.784855
0.813652
0.817492
0.742156
1.102006
1.067121
0.748010
0.964202
0.929252
0.918847
0.825516
0.906058
0.737499
0.846842
0.913726
0.790749
1.041316
1.029457
0.792197
0.740022
0.757832
0.748108
0.853827
0.846566
0.672480
0.900475
0.890108
0.940527
0.837431
0.842137
0.871977
0.785143
0.867367
0.883194
1.005284
0.832036
0.707145
0.855407
0.858637
1.021032
0.913905
1.086443
0.966032
0.956027
0.991546
0.874771
0.881977
0.755355
0.921006
0.923748
0.878393
0.927287
1.004067
0.783330
0.901109
0.872220
0.920416
0.930124
0.848961
0.975310
1.107065
0.881400
0.822308
0.977867
0.866802
0.825617
0.793087
0.883557
0.707025
1.039111
0.894166
0.981262
0.908771
0.953501
0.763946
0.899916
0.802725
0.772209
0.866322
0.708547
0.674711
1.064594
0.955729
0.788303
0.837830
0.806668
0.939628
0.723417
0.827146
0.824188
0.947257
0.909291
0.843464
0.901484
0.874384
0.841300
0.801830
0.946168
0.964641
0.831058
0.966579
0.994065
0.893866
0.935608
1.036610
0.829991
0.816682
0.915691
0.943592
0.998338
0.672675
0.903592
0.947778
0.827949
0.887735
0.848062
0.794051
0.671602
0.826631
0.871529
1.002599
0.784876
0.870683
0.758490
0.639302
0.753146
0.684078
0.728409
0.773647
0.925218
0.854058
0.945188
0.911257
0.816450
0.692029
0.909750
0.776974
0.798034
0.935974
1.036379
0.903544
0.869616
0.814560
1.015035
0.758088
0.910618
0.901987
0.960448
0.744722
0.868147
0.804595
0.686795
0.942881
0.890806
0.946017
0.952717
0.905507
0.841545
0.788776
0.753913
0.927264
0.834301
0.763969
0.962930
0.851370
0.740353
0.888105
0.949770
0.843872
0.860757
0.731600
0.684512
0.785595
0.765413
0.746230
0.814383
0.753246
0.861748
0.854856
0.995665
0.660778
0.640108
0.777233
0.869621
1.129876
0.879683
0.826895
1.004066
0.922004
0.851824
0.880032
0.800707
0.895261
0.840430
0.913500
0.835257
1.055262
0.732448
0.891080
0.819637
0.989083
0.888099
0.959419
0.963412
0.764701
0.726455
0.889977
0.967616
0.966147
0.759203
0.725105
0.909173
0.848068
0.920803
0.818016
0.905945
0.798569
0.828158
0.804386
0.879328
0.754934
0.783966
0.905257
0.743418
0.894102
0.815631
0.882803
0.684287
0.791103
0.848672
0.767471
0.781271
0.780442
0.844860
0.694353
0.677194
0.949059
0.843731
0.833346
0.729310
0.792183
0.649521
0.616457
0.834909
0.755018
0.815326
0.790181
0.730652
0.860163
0.606432
0.882918
0.975214
1.086472
0.923689
0.932626
0.880591
0.694295
0.759555
0.900965
0.975027
1.043719
0.874882
0.796535
1.033272
0.761338
0.960274
0.881551
0.920456
0.778393
0.934937
0.738044
0.889324
0.644098
0.890080
0.729160
0.829602
0.703934
0.844924
0.701298
0.955949
0.727937
0.894261
0.788222
0.836546
0.779549
0.883024
0.870383
0.832477
0.921169
0.783081
0.820403
0.713357
0.884681
0.822659
0.697035
0.691076
0.777912
1.071385
0.816415
0.933685
0.772155
0.668263
0.778338
0.944731
0.803208
0.842439
0.779925
0.694148
0.665136
0.685184
0.915756
0.738582
0.809941
0.751805
0.985767
0.730550
0.697284
0.858018
0.858766
0.827550
0.815640
0.824173
0.729876
0.830237
0.839153
0.758358
1.080045
0.812586
0.823043
0.862362
0.845898
0.782614
0.921924
0.737101
0.752036
0.746732
0.627738
0.786714
0.895100
0.855417
0.806455
0.764834
0.876582
0.830213
0.659547
0.723789
0.838057
0.703117
0.693315
0.730126
0.718890
0.880448
0.774035
0.778721
0.782546
0.685934
0.929343
0.675811
0.649885
0.727608
0.826984
0.780694
0.939771
0.594130
0.853365
0.829024
0.625604
0.756702
0.744709
0.694372
0.713699
0.820154
0.842468
0.823984
0.719536
0.777293
0.805563
0.733329
0.733824
0.753176
0.866165
0.658967
0.798033
0.638422
0.652739
0.628422
0.564142
0.864012
0.787459
0.649556
0.693185
0.808657
0.791969
0.770462
0.849567
0.766900
0.898530
0.851612
0.684581
0.677986
0.744280
0.835371
0.637510
0.891462
0.695184
0.675684
0.744022
0.687529
0.706059
0.791690
0.916655
1.095804
0.775931
0.911114
0.782480
0.898632
0.502887
0.686866
0.904172
0.865434
0.751985
0.743865
0.725919
0.649870
0.771201
0.782741
0.933355
0.715933
0.863846
0.591539
0.843963
0.799148
0.687624
0.935414
0.848356
0.817742
0.684910
0.743802
0.693230
0.952656
0.813669
0.894140
0.765412
0.761586
0.770760
0.703706
0.955567
0.833275
0.812275
0.842931
0.732446
0.826031
0.795936
0.781445
0.782813
0.617847
0.849760
0.712895
0.582344
0.875621
0.963860
0.791577
0.819423
0.824181
0.901713
0.672341
0.749047
0.913222
0.749350
1.027236
0.849431
0.659441
0.767052
0.799817
0.692275
0.781656
0.701294
0.744829
0.673149
0.656238
0.731486
0.700888
0.627405
0.687941
0.646550
0.777301
0.695752
0.667427
0.996251
0.737937
0.866579
0.820255
0.564146
0.799528
0.722329
0.906444
0.745654
0.665451
0.807808
0.935995
0.526439
0.917033
0.797438
0.830562
0.862359
0.608940
0.862937
0.747390
0.619988
0.649960
0.816455
0.687935
0.812541
0.733485
0.796968
0.756198
0.787193
0.593993
0.899281
0.969937
0.669532
0.610729
0.729566
0.795946
0.732145
0.819614
0.868485
0.770917
1.050434
0.842313
0.653964
0.917043
0.816915
0.745567
0.709168
0.645711
0.676269
0.713744
0.737502
0.716658
0.672788
0.695276
0.751642
0.793115
0.795819
0.631719
0.574100
0.860268
0.646669
0.848696
0.743816
0.740183
0.720676
0.630325
0.653230
0.722860
0.832173
0.697964
0.867114
0.763481
0.651246
0.770305
0.757656
0.764677
0.638218
0.774930
0.753469
0.772856
0.735124
0.849937
0.770772
0.696977
0.673972
0.812938
0.583671
0.720960
0.802941
0.821331
0.912613
0.751000
0.692868
0.705165
0.800393
0.935441
0.735010
0.888982
0.711149
0.722773
0.685557
1.014092
0.805705
0.821874
0.669331
0.784914
0.890397
0.759695
0.618935
0.780387
0.762283
0.747460
0.739901
0.698485
0.724730
0.601337
0.626348
0.819055
0.629827
0.650054
0.523209
0.711995
0.650412
0.640812
0.800147
0.771383
0.665512
0.618087
0.658307
0.845220
0.661421
0.748967
0.604493
0.684863
0.543037
0.734628
0.673819
0.755243
0.799515
0.570775
0.729055
0.906933
0.681164
0.644428
0.694753
0.839631
0.611602
0.590065
0.597623
0.824328
0.768875
0.777889
0.795285
0.874378
0.593293
0.615243
0.747516
0.720752
0.657548
0.778268
0.814472
0.837281
0.717736
0.723483
0.762207
0.865707
0.734720
0.816445
0.605109
0.765713
0.639147
0.736356
0.926999
0.811741
0.807487
0.688642
0.594945
0.786190
0.659796
0.704197
0.794855
0.831392
0.679992
0.783901
0.774244
0.846861
0.650792
0.763380
0.733546
0.667261
0.777517
0.671195
0.744294
0.636952
0.700388
0.690230
0.678343
0.691380
0.635259
0.626226
0.602983
0.701581
0.603151
0.503584
0.715399
0.761737
0.725144
0.578096
0.662900
0.678373
0.701677
0.681897
0.620983
0.759714
0.756983
0.623589
0.707823
0.782618
0.753486
0.807328
0.570904
0.751338
0.777465
0.786487
0.836475
0.797174
0.754214
0.719028
0.868425
0.674266
0.923340
0.598293
0.614741
0.908309
0.553400
0.669768
0.793310
0.693784
0.665056
0.695112
0.759509
0.741414
0.794007
0.846577
0.662228
0.732844
0.792274
0.656936
0.718154
0.693420
0.750360
0.739246
0.646156
0.941790
0.631268
0.819230
0.668216
0.614313
0.584089
0.931600
0.750593
0.711273
0.727550
0.779187
0.784942
0.802145
0.656256
0.650939
0.697372
0.639899
0.765315
0.545904
0.646640
0.661212
0.692960
0.684761
0.853153
0.709427
0.800609
0.642716
0.616917
0.537174
0.679475
0.676541
0.541314
0.644208
0.710167
0.577450
0.572351
0.624208
0.864766
0.550427
0.823461
0.853490
0.858059
0.608900
0.579793
0.649855
0.617120
0.867850
0.603121
0.577423
0.571733
0.749665
0.648293
0.728425
0.630831
0.804627
0.642382
0.634129
0.652719
0.706144
0.764920
0.664881
0.746012
0.685738
0.602339
0.807617
0.695162
0.697744
0.754661
0.637094
0.686506
0.737813
0.675772
0.702540
0.582481
0.647242
0.644973
0.575779
0.786325
0.720108
0.664645
0.597477
0.776139
0.559974
0.534304
0.622702
0.707965
0.658207
0.669477
0.801880
0.759054
0.641729
0.732980
0.707352
0.625109
0.776521
0.631789
0.794381
0.564669
0.693298
0.858034
0.749237
0.708270
0.747200
0.746873
0.727017
0.703074
0.784988
0.706846
0.734789
0.549282
0.610189
0.715704
0.674166
0.931425
0.749404
0.665690
0.713797
0.676153
0.735848
0.579414
0.734032
0.569951
0.682480
0.711707
0.746037
0.700918
0.743260
0.639491
0.677249
0.876955
0.678106
0.825936
0.567432
0.710226
0.640165
0.639080
0.724937
0.538798
0.772958
0.679348
0.733168
0.730774
0.580817
0.698397
0.628352
0.613093
0.788868
0.845750
0.617663
0.663877
0.557945
0.687649
0.580417
0.732964
0.647791
0.628353
0.576712
0.783333
0.720162
0.642531
0.693861
0.685434
0.540963
0.749369
0.568919
0.746817
0.686885
0.655546
0.760204
0.662399
0.568702
0.737384
0.772414
0.655958
0.775109
0.766506
0.660778
0.668112
0.902764
0.653065
0.800279
0.630273
0.634738
0.701621
0.709905
0.829556
0.677456
0.479634
0.499644
0.559781
0.629769
0.545171
0.711253
0.761095
0.705564
0.756070
0.614778
0.668949
0.852794
0.623070
0.620111
0.782239
0.693726
0.741203
0.882347
0.657704
0.648668
0.679854
0.654485
0.670941
0.732482
0.748765
0.610731
0.713677
0.748757
0.745341
0.817513
0.903021
0.790681
0.749023
0.820131
0.815238
0.634639
0.690063
0.754091
0.655856
0.627708
0.646987
0.559108
0.686466
0.527595
0.725593
0.750695
0.536245
0.753833
0.628298
0.644171
0.429181
0.531645
0.571732
0.659916
0.697819
0.573575
0.640220
0.631718
0.703685
0.641685
0.584864
0.606395
0.623924
0.627362
0.627583
0.652395
0.713693
0.763496
0.584678
0.816476
0.522024
0.534990
0.507164
0.587104
0.521176
0.756225
0.758359
0.613836
0.741299
0.579904
0.626904
0.764861
0.495700
0.609341
0.663551
0.686423
0.682123
0.565401
0.698101
0.759940
0.651320
0.594324
0.574669
0.735322
0.655414
0.837956
0.731862
0.625235
0.760792
0.779906
0.656585
0.623634
0.664979
0.659575
0.938938
0.765727
0.584769
0.659137
0.504763
0.538194
0.700157
0.875016
0.550626
0.535472
0.596830
0.483827
0.776486
0.650412
0.847241
0.684916
0.820689
0.644226
0.621874
0.733154
0.548889
0.539282
0.537004
0.582835
0.793893
0.586666
0.760015
0.583858
0.756532
0.805307
0.796695
0.537221
0.736115
0.635914
0.625898
0.582819
0.709525
0.539808
0.657500
0.657615
0.544721
0.606910
0.800469
0.503507
0.606988
0.635779
0.771090
0.625997
0.653617
0.896241
0.602342
0.595530
0.769178
0.610031
0.738069
0.735624
0.722305
0.696624
0.487094
0.744629
0.612292
0.497090
0.794859
0.655465
0.659275
0.795636
0.611858
0.603177
0.619435
0.456773
0.582734
0.593499
0.749087
0.600121
0.613512
0.707669
0.724328
0.716603
0.613460
0.684731
0.597110
0.702810
0.701321
0.687530
0.629334
0.653249
0.586616
0.712697
0.685028
0.653875
0.466406
0.575682
0.764445
0.659806
0.645170
0.597292
0.726725
0.732995
0.635618
0.769865
0.721056
0.544966
0.863697
0.680967
0.856020
0.558962
0.680537
0.711115
0.677707
0.635956
0.747764
0.677288
0.873360
0.575135
0.567017
0.587040
0.735417
0.729617
0.544050
0.636087
0.689196
0.587764
0.625453
0.534368
0.572694
0.596580
0.578863
0.551908
0.659440
0.666915
0.699723
0.619286
0.753490
0.629295
0.674892
0.411686
0.690159
0.670827
0.678793
0.516948
0.736519
0.669941
0.504928
0.665112
0.502812
0.612271
0.594969
0.689565
0.542271
0.673413
0.725017
0.620220
0.697693
0.513456
0.673109
0.642861
0.708827
0.607461
0.648125
0.609032
0.734293
0.759092
0.553863
0.631756
0.627962
0.502065
0.683142
0.639761
0.594183
0.581316
0.643432
0.659784
0.561812
0.626134
0.740415
0.651634
0.614795
0.814939
0.379981
0.602272
0.775314
0.580301
0.756984
0.497840
0.545878
0.582184
0.671389
0.561563
0.668958
0.540379
0.653446
0.482876
0.681140
0.456070
0.401876
0.502430
0.584490
0.601808
0.611780
0.527055
0.478086
0.649069
0.585688
0.647712
0.633543
0.723933
0.415022
0.574876
0.538082
0.554435
0.712831
0.605217
0.733515
0.544964
0.477659
0.659888
0.544284
0.422466
0.704354
0.514266
0.530524
0.637334
0.692239
0.670253
0.612369
0.491716
0.664857
0.670303
0.578238
0.744049
0.781778
0.488502
0.652451
0.687951
0.676032
0.581378
0.476415
0.672333
0.868970
0.667210
0.694914
0.602520
0.670515
0.595785
0.560739
0.655270
0.701970
0.571401
0.539668
0.592056
0.598448
0.594833
0.709309
0.595608
0.547220
0.576053
0.592852
0.594845
0.527426
0.639821
0.684277
0.682712
0.563137
0.740160
0.712436
0.579194
0.722252
0.519376
0.622025
0.656775
0.573052
0.628921
0.651659
0.634559
0.595860
0.486457
0.566424
0.516468
0.617150
0.571267
0.740084
0.515805
0.525167
0.440150
0.504325
0.558526
0.740014
0.482675
0.724277
0.712635
0.630650
0.656966
0.624238
0.594186
0.618754
0.689327
0.441491
0.619026
0.717645
0.517686
0.756890
0.508492
0.559506
0.610473
0.396654
0.585094
0.622415
0.744158
0.660041
0.711416
0.778033
0.703681
0.594007
0.601033
0.655477
0.638584
0.529128
0.637507
0.543695
0.417466
0.600283
0.513204
0.574985
0.589041
0.646275
0.780971
0.665973
0.623499
0.688463
0.626686
0.662948
0.541860
0.632739
0.618199
0.536749
0.596652
0.642742
0.675143
0.558992
0.730441
0.700088
0.723249
0.677358
0.646004
0.537523
0.602632
0.572362
0.609926
0.571362
0.482398
0.619654
0.800321
0.622401
0.652851
0.630151
0.653569
0.701687
0.912107
0.702967
0.665613
0.614637
0.720912
0.615596
0.504888
0.700765
0.542039
0.552098
0.613080
0.510678
0.467709
0.623756
0.487596
0.619931
0.535506
0.595016
0.467469
0.599701
0.782922
0.708450
0.644184
0.749258
0.510123
0.486569
0.636399
0.773559
0.611423
0.640568
0.675721
0.608739
0.563544
0.510246
0.508025
0.535423
0.612018
0.653987
0.593460
0.668825
0.513043
0.498966
0.532924
0.750053
0.599517
0.550771
0.767042
0.500761
0.582455
0.548807
0.615826
0.681884
0.537629
0.507977
0.575736
0.652157
0.669022
0.634078
0.668449
0.599551
0.844166
0.517577
0.691248
0.716505
0.583566
0.672773
0.607426
0.692720
0.634404
0.648735
0.672337
0.448050
0.704025
0.734247
0.693063
0.580694
0.599963
0.643665
0.745838
0.646969
0.579201
0.666251
0.718809
0.585061
0.564822
0.484293
0.786020
0.530360
0.634660
0.570705
0.593756
0.465332
0.736559
0.689524
0.657784
0.606984
0.550986
0.588116
0.460821
0.641603
0.593851
0.590742
0.595287
0.742545
0.768958
0.584598
0.596516
0.782034
0.488805
0.554998
0.513064
0.567753
0.725625
0.685202
0.547764
0.674969
0.662292
0.651134
0.588626
0.541264
0.583339
0.504440
0.724019
0.545860
0.654523
0.643220
0.494886
0.497615
0.509676
0.487218
0.578954
0.721386
0.759907
0.624451
0.623846
0.726716
0.747411
0.645815
0.551760
0.724189
0.681057
0.736449
0.767238
0.769485
0.452235
0.575034
0.678797
0.614397
0.516989
0.643331
0.546844
0.479154
0.632621
0.736258
0.602342
0.580804
0.632418
0.520293
0.525873
0.639973
0.699707
0.460623
0.710882
0.549650
0.464751
0.485895
0.560361
0.579235
0.458283
0.466458
0.626927
0.538188
0.479141
0.533579
0.662813
0.681252
0.738251
0.610552
0.594310
0.574789
0.507286
0.709217
0.624645
0.475338
0.500920
0.414381
0.549912
0.681296
0.502744
0.619181
0.688901
0.465991
0.508525
0.563259
0.576900
0.530844
0.552778
0.540522
0.609021
0.637049
0.680481
0.471925
0.540661
0.571475
0.602180
0.792726
0.471445
0.846966
0.405296
0.613364
0.585315
0.614579
0.666821
0.543224
0.667833
0.532828
0.590437
0.413858
0.637700
0.540462
0.547529
0.627575
0.573722
0.624074
0.538303
0.518043
0.452497
0.605731
0.518367
0.555337
0.443991
0.521430
0.576500
0.534081
0.586913
0.545277
0.432502
0.550205
0.455396
0.606635
0.602499
0.640401
0.608255
0.616789
0.530127
0.508772
0.549097
0.682864
0.622105
0.610458
0.433585
0.600329
0.410117
0.583217
0.619731
0.549422
0.522476
0.582761
0.738564
0.571973
0.479421
0.527028
0.396095
0.565189
0.567110
0.572194
0.398740
0.536007
0.665605
0.573472
0.397623
0.544833
0.693049
0.632405
0.548991
0.686848
0.464206
0.544938
0.446924
0.790009
0.773293
0.657300
0.604606
0.529921
0.515994
0.637128
0.540662
0.703617
0.659428
0.665445
0.515135
0.562603
0.583946
0.719571
0.564405
0.626660
0.693924
0.624253
0.639298
0.549891
0.709210
0.605351
0.553539
0.698153
0.566121
0.740538
0.537497
0.549650
0.534086
0.480893
0.531027
0.391715
0.599974
0.530760
0.529662
0.449501
0.741459
0.557740
0.533625
0.381159
0.439577
0.614103
0.555508
0.649979
0.414277
0.498237
0.644095
0.435116
0.612363
0.554868
0.732412
0.502256
0.575487
0.376896
0.473492
0.581518
0.490304
0.648190
0.486438
0.458008
0.463381
0.590897
0.626418
0.437669
0.598488
0.675432
0.520129
0.652996
0.516317
0.564455
0.667983
0.551897
0.407232
0.531998
0.661401
0.496938
0.632687
0.623880
0.579216
0.455061
0.538997
0.610402
0.403716
0.515126
0.609197
0.486678
0.658661
0.515042
0.817919
0.564517
0.602329
0.562176
0.682856
0.559534
0.590189
0.473603
0.586124
0.537804
0.544372
0.547508
0.491391
0.542460
0.714026
0.539418
0.463969
0.497052
0.573358
0.552198
0.519956
0.482454
0.750954
0.491994
0.416919
0.395356
0.502665
0.617600
0.518904
0.608017
0.569616
0.500396
0.466299
0.656651
0.667811
0.480332
0.332520
0.678924
0.646201
0.612214
0.565633
0.587778
0.529496
0.545161
0.457307
0.427381
0.519390
0.498055
0.702116
0.513003
0.580187
0.711971
0.473115
0.430635
0.642296
0.542541
0.520567
0.583749
0.409376
0.650165
0.742276
0.700933
0.481410
0.477056
0.582355
0.608068
0.711550
0.616106
0.574669
0.455064
0.519749
0.610404
0.663651
0.803088
0.512321
0.569043
0.577008
0.682178
0.484935
0.450402
0.470990
0.637039
0.682238
0.567949
0.687604
0.820835
0.672436
0.517434
0.646501
0.503517
0.501487
0.502432
0.650062
0.312529
0.407671
0.579248
0.653321
0.593827
0.656944
0.501718
0.639576
0.484069
0.507853
0.598332
0.582609
0.561327
0.471760
0.660528
0.467843
0.630197
0.567358
0.455896
0.585180
0.580749
0.413785
0.692240
0.712085
0.582961
0.518463
0.515822
0.566004
0.618400
0.560724
0.489581
0.480615
0.494212
0.448255
0.456675
0.683053
0.518446
0.584411
0.581293
0.484108
0.650380
0.696966
0.747635
0.656738
0.604038
0.626314
0.574043
0.501514
0.704287
0.589945
0.601368
0.493990
0.681272
0.703880
0.666783
0.629650
0.626659
0.616996
0.351587
0.520852
0.676907
0.470689
0.608068
0.580253
0.666573
0.628933
0.544562
0.422250
0.690342
0.529487
0.751036
0.569095
0.566754
0.593402
0.488787
0.645865
0.525311
0.575182
0.533690
0.518489
0.629294
0.560825
0.534713
0.431998
0.455496
0.499243
0.594089
0.579121
0.435026
0.592841
0.540516
0.395466
0.509519
0.534070
0.445114
0.642775
0.499082
0.532497
0.465022
0.570424
0.552942
0.454801
0.658808
0.394940
0.645606
0.554541
0.491855
0.516856
0.502777
0.580841
0.727124
0.607345
0.524870
0.474015
0.513332
0.493408
0.667198
0.531412
0.408288
0.507802
0.590399
0.453206
0.447755
0.403385
0.456073
0.804901
0.553000
0.666539
0.571742
0.511610
0.664100
0.462685
0.486041
0.598741
0.403386
0.373175
0.558557
0.413206
0.579603
0.396709
0.523432
0.559753
0.583171
0.599932
0.485706
0.392101
0.436739
0.411462
0.498147
0.579302
0.428200
0.565079
0.446921
0.463962
0.580563
0.693224
0.496613
0.394785
0.394372
0.602491
0.618349
0.640264
0.488767
0.590916
0.580145
0.479831
0.546524
0.493204
0.421464
0.476598
0.522332
0.656925
0.492971
0.521541
0.405555
0.526499
0.466861
0.515398
0.547115
0.402297
0.563522
0.506748
0.398228
0.376622
0.570975
0.495081
0.474369
0.341555
0.681098
0.596357
0.516074
0.439887
0.507170
0.510895
0.445452
0.454287
0.458503
0.488584
0.574851
0.670405
0.576667
0.536803
0.623898
0.772901
0.699878
0.516354
0.432357
0.611985
0.510200
0.493229
0.488999
0.447946
0.564730
0.585784
0.606475
0.429730
0.449536
0.413945
0.582872
0.737121
0.408075
0.383233
0.578903
0.551666
0.446255
0.486116
0.569246
0.582289
0.356203
0.787841
0.572858
0.539283
0.450752
0.513029
0.364479
0.402630
0.359945
0.578289
0.530426
0.482802
0.605227
0.507387
0.462057
0.725029
0.513248
0.680327
0.710058
0.565647
0.446303
0.550667
0.509658
0.619683
0.552071
0.517713
0.633314
0.564873
0.537154
0.492220
0.612561
0.538145
0.536450
0.542436
0.364337
0.540186
0.509906
0.372977
0.441134
0.490841
0.464446
0.542362
0.556096
0.659668
0.430192
0.414747
0.496116
0.572981
0.498536
0.498584
0.541696
0.561419
0.610392
0.315196
0.508980
0.432396
0.523113
0.710301
0.610520
0.642868
0.515495
0.535776
0.418202
0.584374
0.641525
0.698677
0.503432
0.527820
0.446592
0.446350
0.623811
0.495071
0.574484
0.507635
0.589354
0.480617
0.417084
0.539384
0.580516
0.577625
0.530578
0.488756
0.485131
0.492402
0.457928
0.492542
0.492124
0.538554
0.476021
0.625845
0.558701
0.575844
0.636776
0.438142
0.533423
0.641460
0.642384
0.555791
0.778909
0.487128
0.537046
0.478129
0.487680
0.578262
0.530062
0.458362
0.653569
0.301311
0.491967
0.451549
0.363044
0.629515
0.500958
0.610075
0.681400
0.545217
0.674820
0.445311
0.437613
0.462292
0.381769
0.582082
0.542472
0.606387
0.556999
0.653366
0.432926
0.774340
0.474046
0.544265
0.472371
0.487550
0.532337
0.441521
0.522848
0.467178
0.488869
0.550967
0.455939
0.587512
0.512373
0.561061
0.501035
0.439534
0.440024
0.432107
0.403985
0.523932
0.430702
0.775192
0.453286
0.485333
0.491026
0.362283
0.459570
0.495222
0.493932
0.543655
0.479197
0.584677
0.669427
0.644642
0.389427
0.465989
0.729976
0.495263
0.416608
0.448345
0.688675
0.593154
0.666928
0.432526
0.500242
0.568283
0.560463
0.556774
0.619108
0.555982
0.572014
0.489560
0.575569
0.522737
0.578281
0.589346
0.540363
0.417884
0.443158
0.453155
0.479596
0.619664
0.783569
0.569400
0.550682
0.568283
0.542156
0.551834
0.743710
0.692222
0.516418
0.602873
0.600787
0.545038
0.452250
0.555559
0.528519
0.553309
0.542821
0.596391
0.625825
0.582637
0.514663
0.356048
0.507836
0.517219
0.393525
0.502589
0.587507
0.443864
0.551448
0.631725
0.486219
0.541027
0.529125
0.413534
0.616309
0.677264
0.452119
0.506994
0.466605
0.521203
0.415289
0.525986
0.383536
0.549453
0.552919
0.529617
0.506935
0.391814
0.486400
0.673564
0.498619
0.373830
0.478416
0.490096
0.541174
0.617407
0.425759
0.520072
0.441008
0.525205
0.455817
0.372256
0.524042
0.537722
0.344257
0.445498
0.440088
0.477617
0.522584
0.349648
0.591238
0.550159
0.489193
0.582266
0.511971
0.453612
0.543837
0.388067
0.442715
0.444872
0.432677
0.398167
0.519388
0.617405
0.512741
0.512147
0.552356
0.556827
0.436781
0.592561
0.520967
0.572149
0.590578
0.342451
0.537592
0.571118
0.370782
0.330332
0.403599
0.487396
0.538118
0.460796
0.498722
0.449003
0.508231
0.603066
0.499786
0.425116
0.458211
0.505797
0.517975
0.565452
0.384300
0.416967
0.496541
0.568781
0.457356
0.420365
0.302041
0.354303
0.373448
0.562108
0.557389
0.395749
0.569012
0.500743
0.506668
0.365953
0.491297
0.475914
0.328878
0.508988
0.421168
0.506203
0.448178
0.379092
0.469504
0.441438
0.458048
0.410187
0.515838
0.657648
0.360514
0.446497
0.497122
0.550089
0.534917
0.451714
0.525293
0.457151
0.488854
0.339535
0.416270
0.553131
0.554229
0.458062
0.428775
0.431898
0.593527
0.494639
0.567975
0.490827
0.429211
0.392835
0.575263
0.534338
0.582505
0.415651
0.487351
0.540590
0.627710
0.477177
0.507725
0.425949
0.431681
0.547016
0.541740
0.439979
0.506645
0.532439
0.626127
0.758039
0.421331
0.678671
0.444455
0.486731
0.590375
0.465118
0.461571
0.538135
0.591472
0.548876
0.387047
0.421133
0.546694
0.505019
0.585189
0.383887
0.496185
0.520375
0.493011
0.357220
0.457352
0.387550
0.408040
0.427119
0.430223
0.489870
0.619162
0.524776
0.476201
0.478835
0.485784
0.546295
0.437841
0.462054
0.442729
0.362642
0.420986
0.406772
0.377232
0.437501
0.515384
0.431845
0.450693
0.507930
0.518355
0.355162
0.632451
0.472101
0.343670
0.477172
0.481653
0.431804
0.506677
0.478845
0.546292
0.527329
0.471648
0.563914
0.469044
0.595200
0.341832
0.338128
0.474359
0.397502
0.561652
0.547217
0.477156
0.474025
0.428916
0.324760
0.391197
0.718817
0.511188
0.425288
0.407224
0.595204
0.394933
0.611279
0.512262
0.489684
0.556445
0.568833
0.340089
0.829008
0.609225
0.517947
0.496238
0.580743
0.432243
0.360940
0.598921
0.609281
0.498483
0.623702
0.330815
0.371576
0.492322
0.392361
0.376766
0.473923
0.513577
0.534514
0.579872
0.573004
0.626597
0.433360
0.574889
0.509642
0.395842
0.418625
0.390899
0.408635
0.509634
0.498510
0.596267
0.365745
0.454852
0.523369
0.514768
0.729595
0.704196
0.466043
0.476804
0.643383
0.542654
0.405330
0.652668
0.466691
0.399872
0.431907
0.440082
0.605995
0.682714
0.675148
0.365458
0.383023
0.531123
0.392477
0.445233
0.493204
0.566719
0.535440
0.448599
0.557476
0.427805
0.432892
0.543986
0.388917
0.512415
0.621067
0.518612
0.591829
0.515010
0.396313
0.581264
0.516520
0.548517
0.620921
0.622319
0.445771
0.704331
0.448712
0.433530
0.570937
0.703511
0.587608
0.441545
0.512203
0.599160
0.539682
0.478236
0.558018
0.613645
0.471402
0.583060
0.540707
0.529422
0.672186
0.490409
0.550345
0.483129
0.560425
0.552365
0.489657
0.478892
0.506452
0.373503
0.453916
0.555101
0.357017
0.526779
0.572164
0.480113
0.512610
0.588252
0.467886
0.398032
0.486776
0.613615
0.432685
0.553295
0.494628
0.431908
0.540755
0.627194
0.526963
0.356079
0.530734
0.384660
0.587966
0.514075
0.455525
0.404802
0.439865
0.530263
0.461893
0.464984
0.461442
0.445259
0.445381
0.417669
0.536030
0.469210
0.572281
0.492451
0.402969
0.405428
0.510482
0.393316
0.384199
0.488697
0.442243
0.581257
0.436521
0.341290
0.464572
0.433797
0.445489
0.523675
0.468888
0.368007
0.484595
0.394138
0.382717
0.415256
0.467873
0.604971
0.508655
0.513217
0.457774
0.540001
0.528757
0.408311
0.464099
0.554785
0.643564
0.380932
0.517683
0.411196
0.381594
0.603201
0.615781
0.391831
0.484522
0.419152
0.377796
0.429645
0.511056
0.311901
0.423582
0.542032
0.505941
0.297344
0.422411
0.381957
0.466272
0.350229
0.387096
0.386518
0.345658
0.455550
0.374531
0.514824
0.336592
0.345953
0.550754
0.465385
0.421597
0.481440
0.515979
0.509439
0.510091
0.500401
0.465018
0.602075
0.402628
0.485609
0.597559
0.480645
0.313616
0.598268
0.443906
0.582674
0.372727
0.484527
0.574662
0.432656
0.624450
0.490578
0.471761
0.505850
0.514623
0.510182
0.784948
0.311143
0.395874
0.380821
0.453644
0.540694
0.362357
0.376654
0.480927
0.389857
0.512307
0.478893
0.494057
0.458066
0.464421
0.537821
0.467234
0.415701
0.460085
0.273374
0.521641
0.304800
0.472648
0.321238
0.384991
0.293189
0.572513
0.419635
0.462620
0.452341
0.401007
0.514046
0.428866
0.608261
0.416709
0.376433
0.336121
0.453373
0.354903
0.456709
0.664277
0.381958
0.429007
0.392010
0.576022
0.342164
0.414378
0.358311
0.399361
0.568121
0.545371
0.426160
0.380847
0.497166
0.558076
0.497182
0.488194
0.523299
0.403641
0.489101
0.369007
0.426779
0.362141
0.479953
0.381950
0.494550
0.466045
0.466363
0.598931
0.420660
0.555833
0.498681
0.552037
0.477819
0.600523
0.455676
0.381293
0.429143
0.474326
0.389112
0.470776
0.548510
0.410169
0.509512
0.413742
0.406544
0.359112
0.476849
0.543024
0.467212
0.507953
0.476066
0.335438
0.700402
0.474385
0.577509
0.511016
0.492132
0.513881
0.569074
0.381722
0.366081
0.501364
0.467407
0.475789
0.679900
0.548576
0.391719
0.513570
0.538648
0.389111
0.473703
0.398947
0.649846
0.340049
0.486618
0.642443
0.639327
0.500347
0.447638
0.461387
0.581111
0.567536
0.500304
0.497530
0.544459
0.512904
0.430376
0.443669
0.373159
0.426137
0.455957
0.533377
0.466733
0.524622
0.517025
0.453083
0.312395
0.371590
0.394175
0.469735
0.355749
0.506962
0.438106
0.405941
0.573133
0.502557
0.531612
0.656337
0.580208
0.498683
0.452357
0.579170
0.378082
0.426979
0.553796
0.464673
0.313056
0.410870
0.569704
0.583887
0.465462
0.600706
0.499555
0.313162
0.360925
0.448887
0.347164
0.542459
0.493262
0.510130
0.459082
0.370893
0.463432
0.464403
0.506557
0.481729
0.571445
0.546280
0.429995
0.412918
0.473706
0.436594
0.462051
0.325138
0.401968
0.481837
0.507857
0.342408
0.624677
0.527259
0.376332
0.530691
0.520455
0.409096
0.404307
0.474760
0.350735
0.481874
0.381246
0.640645
0.529204
0.412058
0.402469
0.511596
0.562792
0.397209
0.424382
0.392181
0.426316
0.369643
0.409911
0.433877
0.472701
0.387107
0.562407
0.375871
0.407656
0.403795
0.443827
0.606700
0.533365
0.403737
0.563055
0.424993
0.350004
0.372840
0.456870
0.432881
0.526168
0.391286
0.372645
0.542196
0.675812
0.359676
0.637604
0.487854
0.464838
0.554924
0.450470
0.375679
0.466079
0.430706
0.417772
0.573632
0.408201
0.488406
0.531647
0.472852
0.422191
0.418598
0.516909
0.563625
0.503713
0.425980
0.444274
0.441525
0.653352
0.475342
0.540838
0.446031
0.555630
0.691518
0.590949
0.609751
0.605733
0.658233
0.612208
0.577390
0.468974
0.617779
0.368160
0.413901
0.428854
0.475882
0.369936
0.460365
0.477076
0.303604
0.447960
0.594432
0.468774
0.438688
0.491281
0.502807
0.386590
0.554092
0.426438
0.595674
0.320864
0.523378
0.529995
0.538801
0.469879
0.462756
0.554922
0.329589
0.548578
0.453062
0.392958
0.386893
0.461953
0.567030
0.529129
0.437507
0.581878
0.399955
0.419972
0.386955
0.399872
0.344528
0.501671
0.547203
0.456481
0.663319
0.343253
0.500611
0.288955
0.476011
0.348069
0.381545
0.366626
0.519416
0.403935
0.437191
0.537304
0.391124
0.470420
0.399382
0.444913
0.587297
0.500728
0.515172
0.398153
0.519845
0.672403
0.488206
0.521773
0.469123
0.279433
0.401339
0.541364
0.444504
0.420075
0.360955
0.357004
0.482820
0.430361
0.372083
0.526924
0.619869
0.329153
0.371640
0.540592
0.614968
0.403025
0.511297
0.492376
0.549061
0.423163
0.403209
0.476622
0.479444
0.587641
0.377507
0.606429
0.473741
0.515883
0.509544
0.379131
0.348796
0.395829
0.580671
0.415870
0.441658
0.367128
0.666290
0.422209
0.477057
0.485106
0.272489
0.432965
0.324954
0.407622
0.569378
0.528489
0.409468
0.366525
0.513345
0.394101
0.493952
0.485162
0.465735
0.411224
0.462796
0.514157
0.563541
0.463413
0.488777
0.371115
0.495323
0.567858
0.319899
0.420109
0.554095
0.498410
0.462971
0.382972
0.548118
0.320273
0.371527
0.350714
0.348037
0.423894
0.642580
0.451215
0.421339
0.530241
0.327171
0.397261
0.471353
0.375878
0.576795
0.410212
0.425498
0.494644
0.356366
0.575244
0.289568
0.514992
0.487360
0.420359
0.394863
0.490387
0.489105
0.323911
0.584284
0.484122
0.572061
0.497322
0.562416
0.346616
0.463710
0.492964
0.488297
0.557237
0.424849
0.337474
0.482611
0.411780
0.392757
0.325347
0.455052
0.365656
0.539036
0.493258
0.421145
0.370155
0.430902
0.320780
0.585817
0.446506
0.297405
0.534696
0.319095
0.401308
0.401406
0.460456
0.323086
0.451648
0.430711
0.615090
0.317618
0.559456
0.410382
0.439937
0.383543
0.426664
0.380721
0.539846
0.349364
0.398743
0.458575
0.364762
0.501284
0.509395
0.448552
0.675026
0.552941
0.316492
0.450891
0.633281
0.387555
0.378336
0.495526
0.499384
0.558281
0.581011
0.380986
0.294520
0.367540
0.498929
0.494358
0.360773
0.351413
0.450300
0.480936
0.386753
0.452326
0.427039
0.408698
0.542817
0.378103
0.630317
0.361361
0.426218
0.543092
0.349182
0.349658
0.385450
0.486140
0.435284
0.301771
0.505565
0.521142
0.418013
0.491403
0.330036
0.409303
0.445141
0.392627
0.390496
0.409499
0.430833
0.476729
0.445562
0.400808
0.407166
0.365671
0.400664
0.472538
0.472699
0.389346
0.388320
0.285089
0.506654
0.481969
0.389939
0.555797
0.429572
0.485689
0.346184
0.362882
0.360451
0.431502
0.539320
0.501799
0.467862
0.595374
0.369511
0.538771
0.484794
0.457523
0.364505
0.550813
0.428229
0.469391
0.473469
0.616437
0.441808
0.408088
0.488973
0.443290
0.410985
0.522766
0.474799
0.510471
0.445386
0.485947
0.331405
0.340895
0.391209
0.476966
0.423963
0.435148
0.466599
0.360120
0.489003
0.458596
0.383433
0.414606
0.459276
0.404286
0.519621
0.378059
0.527287
0.378644
0.454259
0.366412
0.550411
0.436724
0.590128
0.419752
0.437936
0.389443
0.386836
0.300893
0.513950
0.437753
0.377310
0.413276
0.434924
0.504373
0.434489
0.474248
0.419645
0.422612
0.469467
0.352928
0.365962
0.439283
0.279291
0.390339
0.496230
0.693555
0.426884
0.403374
0.468017
0.410717
0.583279
0.349198
0.394344
0.452832
0.480631
0.390290
0.537171
0.436609
0.505207
0.630793
0.512460
0.511827
0.389578
0.335300
0.338582
0.486512
0.475368
0.395256
0.401785
0.412670
0.510755
0.577548
0.456550
0.509610
0.511239
0.409247
0.352044
0.394359
0.457018
0.452129
0.343603
0.472191
0.377017
0.539714
0.575374
0.380821
0.428970
0.375164
0.319553
0.487313
0.366751
0.485193
0.317607
0.415323
0.350297
0.394219
0.470036
0.516192
0.486404
0.552868
0.357602
0.425476
0.362002
0.510970
0.391415
0.558749
0.456845
0.387134
0.420225
0.276532
0.372276
0.546910
0.573221
0.360234
0.355085
0.411951
0.506194
0.453260
0.575782
0.356825
0.517102
0.451304
0.332907
0.440455
0.514612
0.304181
0.329822
0.454965
0.371000
0.485940
0.318247
0.463601
0.549583
0.427974
0.390830
0.629077
0.393796
0.405421
0.358282
0.451357
0.543614
0.447397
0.470950
0.429863
0.395947
0.500470
0.331152
0.406240
0.373446
0.429038
0.541696
0.309384
0.280574
0.385961
0.513357
0.475836
0.366338
0.216083
0.487551
0.434364
0.322468
0.379611
0.375873
0.388242
0.313420
0.344339
0.342500
0.333722
0.443838
0.388848
0.280877
0.644028
0.349108
0.450955
0.380243
0.365761
0.289910
0.327480
0.403262
0.337416
0.312244
0.506354
0.547455
0.408671
0.409939
0.517628
0.631850
0.310841
0.555945
0.413338
0.410666
0.399033
0.306392
0.631289
0.590522
0.407491
0.469776
0.449876
0.319756
0.392412
0.537252
0.434752
0.411818
0.547927
0.451524
0.463142
0.307022
0.394570
0.511794
0.388349
0.345824
0.400249
0.359717
0.397628
0.397210
0.385994
0.365144
0.336050
0.375644
0.438641
0.484180
0.510520
0.466432
0.436059
0.533017
0.435917
0.447002
0.409716
0.457338
0.374849
0.477057
0.423461
0.517961
0.610985
0.403142
0.413071
0.326430
0.581239
0.434154
0.387182
0.326756
0.452081
0.363195
0.260461
0.370925
0.367409
0.421894
0.337900
0.370856
0.290736
0.322542
0.354290
0.359641
0.398573
0.471982
0.427582
0.418888
0.407109
0.401735
0.447725
0.468608
0.383272
0.408499
0.265211
0.340582
0.303459
0.442389
0.417822
0.440281
0.317223
0.268640
0.392598
0.423389
0.369307
0.336602
0.328229
0.357579
0.351072
0.505279
0.359376
0.412621
0.395252
0.312746
0.504935
0.363116
0.399321
0.464602
0.414596
0.493921
0.566670
0.355036
0.386817
0.400525
0.371493
0.515819
0.296928
0.407885
0.352371
0.409074
0.473026
0.548256
0.408524
0.372395
0.415886
0.435389
0.327100
0.339078
0.304737
0.355204
0.378688
0.400122
0.398359
0.369454
0.552874
0.358371
0.456303
0.299243
0.398749
0.489036
0.462226
0.446151
0.427291
0.254591
0.501625
0.407740
0.332220
0.375114
0.467945
0.418063
0.459928
0.361334
0.415494
0.286273
0.415634
0.324463
0.346014
0.488362
0.300710
0.258610
0.364305
0.406361
0.296913
0.399392
0.267222
0.459971
0.478018
0.393696
0.450611
0.505390
0.456379
0.378215
0.380880
0.404090
0.430593
0.441495
0.485904
0.307009
0.479959
0.385547
0.280179
0.399290
0.481498
0.358441
0.288392
0.321974
0.312047
0.357126
0.386840
0.345487
0.467335
0.443886
0.327554
0.309589
0.459387
0.473466
0.459954
0.286301
0.411246
0.380283
0.487993
0.429997
0.407027
0.354975
0.394501
0.420439
0.602005
0.499580
0.353037
0.345992
0.444978
0.458513
0.332014
0.519608
0.355985
0.355574
0.252591
0.348500
0.441924
0.350265
0.366250
0.529868
0.472867
0.389095
0.536693
0.373578
0.412138
0.452641
0.365956
0.532148
0.422302
0.302247
0.223920
0.560519
0.339756
0.407912
0.339301
0.469305
0.552383
0.518343
0.375413
0.426276
0.363072
0.423606
0.522611
0.569021
0.469129
0.420544
0.392864
0.502469
0.412619
0.481311
0.308068
0.396455
0.356913
0.403502
0.510717
0.459323
0.508970
0.521155
0.295367
0.318090
0.537181
0.359728
0.424441
0.439701
0.418570
0.358011
0.428399
0.497468
0.438564
0.374187
0.392937
0.375522
0.308402
0.492798
0.371809
0.391015
0.279599
0.398773
0.413545
0.588334
0.386096
0.235574
0.538870
0.321993
0.465162
0.586061
0.433361
0.473214
0.302136
0.480087
0.551507
0.398943
0.585157
0.508743
0.464612
0.387515
0.410864
0.398737
0.468921
0.274299
0.467970
0.418234
0.548648
0.542142
0.390710
0.463204
0.405168
0.338950
0.460002
0.548578
0.370917
0.399540
0.384831
0.422909
0.500106
0.517804
0.241775
0.221065
0.306470
0.408558
0.418379
0.345573
0.314082
0.472005
0.482266
0.337993
0.493058
0.334468
0.545032
0.431940
0.423544
0.448253
0.580886
0.329231
0.293915
0.506449
0.406480
0.383908
0.527156
0.378405
0.437028
0.388017
0.404740
0.492475
0.446794
0.393495
0.576853
0.473114
0.358583
0.535347
0.383188
0.414427
0.552528
0.366158
0.415392
0.555309
0.279472
0.570970
0.356902
0.452804
0.474169
0.444926
0.555137
0.383987
0.471599
0.455322
0.280909
0.350199
0.355846
0.486558
0.415384
0.454658
0.444437
0.245455
0.347781
0.306381
0.366388
0.368465
0.331507
0.480951
0.327250
0.418576
0.406384
0.341817
0.349753
0.340944
0.321248
0.433060
0.399895
0.467495
0.396671
0.393806
0.346311
0.290367
0.300267
0.328532
0.336748
0.313578
0.457722
0.388975
0.341041
0.299363
0.498113
0.255626
0.418957
0.316487
0.427004
0.504323
0.338949
0.348357
0.465349
0.496433
0.367666
0.437625
0.494531
0.349889
0.500541
0.269657
0.318119
0.280393
0.357003
0.578448
0.380165
0.424457
0.394213
0.585277
0.325247
0.438719
0.288806
0.387094
0.414314
0.423282
0.421000
0.375124
0.470498
0.386923
0.390597
0.359813
0.325704
0.319822
0.225041
0.418141
0.400901
0.351953
0.433678
0.339889
0.317756
0.378529
0.229486
0.409913
0.412262
0.380294
0.467892
0.492687
0.285870
0.351527
0.453907
0.341348
0.348337
0.402638
0.301683
0.649275
0.366806
0.394744
0.325788
0.408085
0.526043
0.299650
0.424516
0.512590
0.543467
0.324238
0.298154
0.483323
0.308796
0.374632
0.347776
0.351892
0.429061
0.364007
0.297182
0.331574
0.626798
0.376122
0.325730
0.283868
0.389855
0.269842
0.408546
0.308565
0.295072
0.444660
0.315656
0.436050
0.481042
0.461567
0.340574
0.429303
0.462270
0.331313
0.365229
0.392566
0.501620
0.348796
0.469941
0.374125
0.431636
0.319254
0.338282
0.359145
0.353881
0.336634
0.549831
0.485818
0.349336
0.293314
0.382371
0.375136
0.357766
0.472174
0.312258
0.288689
0.356423
0.525591
0.356766
0.448856
0.343989
0.383352
0.434453
0.496786
0.552589
0.366101
0.525014
0.361133
0.425594
0.477843
0.469310
0.380063
0.361971
0.426407
0.509120
0.382977
0.293375
0.520181
0.317324
0.344875
0.227573
0.336511
0.331826
0.293615
0.253158
0.373669
0.369714
0.421134
0.485844
0.275664
0.417104
0.465028
0.322501
0.380952
0.323585
0.470280
0.423412
0.351209
0.285620
0.366141
0.336773
0.291651
0.454167
0.447724
0.457961
0.435865
0.344593
0.352529
0.402858
0.349369
0.330331
0.464777
0.351099
0.427072
0.404980
0.420368
0.518186
0.389448
0.254037
0.333654
0.390926
0.501271
0.487973
0.374635
0.350519
0.476596
0.434798
0.452777
0.468994
0.304161
0.416983
0.341447
0.296087
0.408228
0.317623
0.531698
0.292740
0.423051
0.545051
0.400183
0.404013
0.191168
0.419916
0.427336
0.335489
0.310219
0.458117
0.284401
0.285556
0.329600
0.377744
0.426823
0.452450
0.417052
0.365993
0.528031
0.347965
0.462575
0.387263
0.283870
0.360211
0.335089
0.415255
0.363599
0.281105
0.476838
0.297286
0.484035
0.505962
0.354494
0.403210
0.407470
0.282594
0.433914
0.447432
0.300685
0.462559
0.282422
0.372492
0.394728
0.339017
0.513437
0.380103
0.376282
0.310494
0.386950
0.377700
0.345888
0.420023
0.262428
0.321327
0.457108
0.433536
0.402387
0.371969
0.325810
0.421722
0.368205
0.414556
0.372607
0.346779
0.345628
0.443526
0.309873
0.459899
0.347221
0.348791
0.456806
0.381499
0.442312
0.438316
0.361828
0.306806
0.360895
0.385412
0.418565
0.267999
0.320650
0.449248
0.351964
0.424829
0.424994
0.363896
0.446553
0.233255
0.300311
0.308530
0.400642
0.430765
0.391978
0.411334
0.383121
0.274106
0.327092
0.290793
0.400670
0.395827
0.430264
0.321314
0.297589
0.492731
0.232196
0.314059
0.364041
0.336719
0.351277
0.371052
0.322848
0.378856
0.276943
0.434201
0.322210
0.525691
0.285196
0.466751
0.526303
0.294191
0.488467
0.322917
0.435850
0.364865
0.403354
0.511441
0.398976
0.326248
0.364272
0.431725
0.347322
0.398396
0.475178
0.344185
0.644433
0.476867
0.442008
0.311147
0.403679
0.379114
0.347029
0.493410
0.369459
0.269182
0.311538
0.432499
0.460189
0.253629
0.369194
0.441764
0.503829
0.340366
0.308144
0.491553
0.348970
0.341214
0.303953
0.332961
0.489534
0.304082
0.262751
0.349279
0.391223
0.411641
0.221929
0.364869
0.310611
0.283997
0.409446
0.269319
0.290435
0.400748
0.268874
0.345138
0.347659
0.347654
0.229096
0.378014
0.313773
0.335966
0.464968
0.314993
0.287549
0.464860
0.414451
0.501449
0.397197
0.309836
0.533150
0.349678
0.389365
0.252712
0.333175
0.443630
0.446037
0.267568
0.498007
0.425683
0.348123
0.266678
0.399236
0.282865
0.283913
0.274189
0.358823
0.362225
0.325262
0.243020
0.527750
0.363903
0.347028
0.357761
0.453595
0.348625
0.372184
0.285702
0.386815
0.425290
0.306082
0.355457
0.307394
0.444589
0.419028
0.364047
0.262548
0.370453
0.357575
0.316626
0.420058
0.339956
0.323847
0.437113
0.301944
0.327605
0.383110
0.160670
0.309434
0.299302
0.463066
0.387297
0.459731
0.248055
0.296902
0.321304
0.345582
0.335413
0.442735
0.356365
0.387706
0.494920
0.318430
0.329584
0.384046
0.247487
0.349141
0.306836
0.378177
0.526679
0.461894
0.485888
0.309904
0.456661
0.335342
0.349022
0.380942
0.389717
0.478173
0.456371
0.323956
0.415590
0.330488
0.559179
0.373701
0.336772
0.449982
0.208520
0.264733
0.480828
0.471995
0.307356
0.474981
0.405250
0.331595
0.543272
0.432746
0.346029
0.206145
0.454793
0.318153
0.458036
0.478661
0.490053
0.482225
0.295063
0.468954
0.249839
0.436296
0.328741
0.297073
0.476247
0.339282
0.345304
0.295392
0.436496
0.248680
0.305203
0.283322
0.393029
0.453246
0.353711
0.308831
0.400202
0.343135
0.446526
0.422811
0.312568
0.366739
0.269215
0.327773
0.417633
0.386361
0.332521
0.286982
0.361270
0.365895
0.353625
0.385855
0.322013
0.299100
0.320215
0.299041
0.432831
0.289468
0.441175
0.227807
0.421260
0.441614
0.445234
0.526795
0.546084
0.400260
0.376102
0.299178
0.547492
0.359153
0.331905
0.392802
0.323367
0.326423
0.348924
0.300585
0.409425
0.278553
0.282801
0.464427
0.547487
0.394031
0.223376
0.371739
0.334584
0.275743
0.293507
0.289432
0.259349
0.338283
0.243542
0.450732
0.294268
0.317743
0.516479
0.340490
0.473447
0.475573
0.433991
0.248425
0.497593
0.308831
0.326645
0.362740
0.372445
0.409910
0.303537
0.359743
0.569568
0.352850
0.366874
0.281249
0.518798
0.522692
0.260827
0.342341
0.348833
0.326949
0.352715
0.382725
0.341924
0.386568
0.601206
0.434127
0.323812
0.267363
0.519434
0.382747
0.367615
0.392994
0.348695
0.334252
0.352324
0.476472
0.414249
0.414569
0.360533
0.375805
0.360684
0.164815
0.320402
0.345454
0.302850
0.382053
0.481766
0.357507
0.546443
0.383758
0.310648
0.355842
0.359651
0.300794
0.321791
0.551768
0.383776
0.360477
0.266757
0.276101
0.377787
0.309014
0.460570
0.270798
0.401526
0.317606
0.305307
0.386232
0.431314
0.302200
0.321122
0.225452
0.411976
0.287853
0.339742
0.493322
0.534409
0.343040
0.359630
0.323991
0.326509
0.411515
0.464878
0.397032
0.378327
0.314664
0.376403
0.498731
0.601079
0.315513
0.290587
0.497289
0.370201
0.401564
0.392330
0.395475
0.335110
0.363253
0.391731
0.384256
0.363230
0.402080
0.312996
0.251048
0.386202
0.339020
0.387087
0.346010
0.380084
0.459333
0.356263
0.413592
0.523976
0.256771
0.349271
0.286366
0.420962
0.533371
0.484224
0.426981
0.470620
0.307046
0.364349
0.372228
0.738713
0.472868
0.355680
0.479278
0.373036
0.387147
0.325680
0.308022
0.342323
0.340499
0.334298
0.403676
0.428964
0.425328
0.344220
0.358805
0.265714
0.285231
0.378789
0.356356
0.378937
0.345956
0.316329
0.328129
0.349078
0.324387
0.284528
0.308855
0.512756
0.375620
0.377476
0.370140
0.402080
0.366977
0.387947
0.371652
0.520158
0.422114
0.474194
0.319308
0.340031
0.383700
0.523778
0.355609
0.327366
0.309466
0.377533
0.469440
0.380037
0.386978
0.225050
0.222925
0.290020
0.334404
0.278991
0.334792
0.286903
0.212987
0.266069
0.502377
0.331344
0.412315
0.303974
0.423653
0.274231
0.333237
0.211199
0.338277
0.311105
0.307534
0.495177
0.221997
0.368765
0.437810
0.347755
0.243561
0.361813
0.451779
0.310299
0.316140
0.356413
0.327404
0.280252
0.413002
0.414797
0.280134
0.374660
0.367853
0.381674
0.348125
0.425525
0.338906
0.335854
0.258370
0.444823
0.356782
0.262005
0.233288
0.385329
0.470409
0.384104
0.405659
0.317260
0.196034
0.381702
0.254441
0.280754
0.418153
0.232157
0.449414
0.345981
0.484299
0.351306
0.392199
0.334491
0.360599
0.372818
0.259275
0.328037
0.444616
0.546910
0.269395
0.293950
0.282985
0.381199
0.350649
0.323379
0.343213
0.241368
0.409636
0.179809
0.393667
0.357209
0.319548
0.399751
0.333042
0.283856
0.282856
0.323134
0.346984
0.349789
0.244808
0.364765
0.377082
0.373829
0.436665
0.279031
0.225697
0.470304
0.365208
0.406134
0.322593
0.319415
0.321515
0.299491
0.342550
0.323659
0.443438
0.142887
0.271146
0.358086
0.225255
0.366795
0.334351
0.433694
0.274765
0.279439
0.354099
0.396352
0.253296
0.459773
0.380769
0.483016
0.281732
0.386527
0.300116
0.355436
0.373631
0.398524
0.368500
0.418513
0.415229
0.330680
0.336313
0.334427
0.394499
0.324711
0.483538
0.388858
0.478978
0.373841
0.554313
0.291081
0.333505
0.209372
0.377012
0.441942
0.331334
0.377921
0.402988
0.347327
0.439593
0.328048
0.353897
0.398689
0.349546
0.371659
0.456723
0.373603
0.301032
0.286486
0.422040
0.359244
0.468392
0.343294
0.401787
0.279267
0.241544
0.301553
0.305276
0.229538
0.349494
0.377028
0.362707
0.285968
0.416634
0.237295
0.389506
0.328217
0.306631
0.343431
0.266426
0.337296
0.416694
0.422311
0.200942
0.360917
0.345192
0.305628
0.471975
0.279901
0.269915
0.386571
0.403011
0.420263
0.400823
0.345919
0.342187
0.369850
0.326117
0.426830
0.338880
0.269589
0.415936
0.250501
0.287803
0.224431
0.305859
0.404258
0.308861
0.328486
0.453026
0.378871
0.373340
0.323039
0.281000
0.332305
0.434393
0.176612
0.385144
0.379667
0.285987
0.284222
0.326241
0.489576
0.417634
0.265827
0.284032
0.217024
0.450321
0.347724
0.316664
0.406766
0.307425
0.424030
0.348589
0.482520
0.277081
0.477243
0.349785
0.316963
0.462592
0.256076
0.364856
0.244714
0.396009
0.386514
0.287555
0.494668
0.406268
0.265512
0.395252
0.308576
0.422594
0.297486
0.337540
0.294479
0.339252
0.333682
0.366208
0.406486
0.286771
0.207204
0.302700
0.319954
0.342633
0.460600
0.333501
0.405206
0.403466
0.454845
0.418909
0.468446
0.290371
0.554640
0.246315
0.319087
0.259943
0.551349
0.446885
0.314995
0.277545
0.370270
0.406947
0.304188
0.367440
0.353064
0.398512
0.479111
0.281200
0.396728
0.214029
0.301059
0.433100
0.381383
0.305835
0.429008
0.268886
0.339600
0.336749
0.434229
0.386529
0.320054
0.369217
0.371661
0.480670
0.451557
0.297367
0.301684
0.465214
0.501032
0.308708
0.344340
0.358191
0.269576
0.450178
0.329731
0.235541
0.414902
0.321183
0.302013
0.452883
0.429882
0.325403
0.337281
0.312088
0.316572
0.317778
0.430182
0.301516
0.396800
0.470028
0.283844
0.311007
0.464516
0.301441
0.421600
0.321943
0.350161
0.383913
0.380135
0.452511
0.216094
0.340012
0.513180
0.247904
0.406427
0.260835
0.350624
0.473328
0.448180
0.314848
0.396977
0.410712
0.283614
0.472966
0.474725
0.365439
0.304442
0.479145
0.462963
0.241583
0.550367
0.322807
0.279484
0.307571
0.377433
0.296762
0.333348
0.267777
0.221093
0.347556
0.360060
0.500844
0.295939
0.372807
0.275086
0.220885
0.348517
0.463015
0.352599
0.310045
0.260875
0.314494
0.300037
0.325891
0.427502
0.305168
0.362342
0.274868
0.204570
0.393677
0.308540
0.200080
0.403991
0.507344
0.331995
0.228630
0.209806
0.343973
0.380087
0.455859
0.314702
0.355091
0.313335
0.327681
0.433077
0.334145
0.268803
0.335532
0.368510
0.345951
0.339081
0.419050
0.259802
0.379136
0.279878
0.243171
0.199463
0.371237
0.189231
0.264596
0.298673
0.275016
0.304003
0.393852
0.244008
0.404111
0.313052
0.344515
0.278731
0.285280
0.338292
0.276384
0.225741
0.269910
0.333463
0.345614
0.331925
0.388948
0.331463
0.282678
0.273533
0.272544
0.284712
0.159876
0.334687
0.371089
0.300900
0.220134
0.333771
0.294992
0.264588
0.262480
0.184039
0.330699
0.398775
0.439891
0.402226
0.316018
0.304103
0.275722
0.276324
0.292540
0.301055
0.490952
0.320159
0.348110
0.368649
0.425818
0.308760
0.334753
0.321900
0.403837
0.295729
0.493243
0.340436
0.374365
0.340746
0.290249
0.321289
0.371703
0.355621
0.377371
0.428801
0.210691
0.265814
0.274116
0.330764
0.287156
0.355225
0.436370
0.533488
0.276972
0.392575
0.385960
0.384251
0.445851
0.379155
0.300960
0.249282
0.269060
0.428053
0.541649
0.380297
0.418348
0.319757
0.345777
0.469596
0.247822
0.427005
0.430850
0.314482
0.210406
0.312730
0.298308
0.221483
0.390160
0.249245
0.355654
0.408700
0.380900
0.288573
0.311775
0.312587
0.331222
0.386321
0.514061
0.279295
0.401182
0.379709
0.391349
0.420656
0.281213
0.461571
0.379869
0.366111
0.413713
0.274957
0.345030
0.364901
0.343026
0.367881
0.304192
0.345719
0.458355
0.294410
0.344489
0.399848
0.206186
0.353365
0.359310
0.322119
0.492695
0.329645
0.226153
0.369471
0.292692
0.449396
0.304083
0.516128
0.284829
0.369530
0.323800
0.310812
0.372429
0.345662
0.434888
0.267947
0.367232
0.413761
0.321222
0.340564
0.264891
0.280675
0.354897
0.345716
0.350762
0.339762
0.342401
0.536825
0.427992
0.218528
0.224337
0.260224
0.337458
0.323500
0.367164
0.326438
0.318208
0.262558
0.476035
0.299608
0.424741
0.327390
0.302972
0.331590
0.316277
0.347891
0.247354
0.321795
0.297230
0.394928
0.362433
0.229981
0.350357
0.232128
0.352573
0.341186
0.464485
0.295313
0.379536
0.196426
0.342180
0.439689
0.234384
0.347974
0.363555
0.427071
0.323164
0.431104
0.268529
0.368287
0.370424
0.442314
0.443566
0.338315
0.267570
0.361666
0.297368
0.257912
0.467132
0.333741
0.306821
0.318713
0.423424
0.479016
0.335326
0.470233
0.458904
0.271599
0.244691
0.296665
0.250703
0.403986
0.236268
0.445999
0.410047
0.277417
0.289560
0.478051
0.176903
0.227624
0.375361
0.352327
0.525494
0.297815
0.295577
0.283807
0.365669
0.410272
0.294934
0.366616
0.325137
0.424670
0.236570
0.279010
0.354727
0.302122
0.349699
0.264553
0.364558
0.384125
0.441885
0.357590
0.426047
0.446994
0.478604
0.381078
0.328912
0.339221
0.421287
0.333045
0.382385
0.358483
0.447752
0.452983
0.319523
0.326467
0.401579
0.295054
0.323493
0.390637
0.291594
0.326873
0.339334
0.393538
0.284932
0.396838
0.315570
0.399831
0.366615
0.213058
0.412512
0.275759
0.330107
0.383436
0.137255
0.336305
0.359665
0.283333
0.306406
0.280664
0.238202
0.309471
0.204118
0.377519
0.305318
0.283791
0.232626
0.270099
0.307698
0.253509
0.348567
0.302725
0.169516
0.154303
0.307109
0.205397
0.427868
0.296741
0.187891
0.401627
0.375538
0.328872
0.347659
0.320658
0.265868
0.387896
0.409285
0.312905
0.309058
0.307684
0.349302
0.355573
0.471730
0.369480
0.360361
0.308440
0.433703
0.404724
0.344672
0.410704
0.297483
0.225846
0.289689
0.377180
0.460806
0.315788
0.338632
0.401711
0.402948
0.326332
0.387863
0.440086
0.329172
0.370754
0.225905
0.288682
0.312154
0.245618
0.423056
0.322940
0.277662
0.300154
0.316909
0.368771
0.309008
0.382028
0.272768
0.294080
0.320399
0.314655
0.322319
0.262750
0.244891
0.311480
0.257776
0.181404
0.295290
0.261588
0.253165
0.532701
0.298809
0.233394
0.354639
0.199983
0.424821
0.299017
0.269049
0.243782
0.319521
0.271368
0.245741
0.407021
0.273020
0.196063
0.446308
0.319430
0.260429
0.251926
0.332308
0.190316
0.312670
0.274067
0.315615
0.193847
0.326710
0.281215
0.253098
0.234121
0.289366
0.224545
0.367685
0.285098
0.353317
0.321418
0.352318
0.292121
0.338588
0.288390
0.294234
0.443201
0.382857
0.369973
0.287895
0.237686
0.377914
0.242743
0.307495
0.234385
0.328618
0.414475
0.234253
0.257775
0.407982
0.302704
0.352019
0.373570
0.497640
0.239773
0.303763
0.159475
0.239408
0.316442
0.490836
0.147538
0.290516
0.262489
0.281893
0.311263
0.287768
0.304757
0.218629
0.309534
0.383158
0.420812
0.186655
0.253617
0.261260
0.404322
0.324491
0.295316
0.336238
0.363329
0.436700
0.389824
0.433327
0.380941
0.273559
0.321781
0.253693
0.238594
0.359870
0.250662
0.295278
0.334828
0.285536
0.331722
0.533262
0.386687
0.338362
0.248000
0.379249
0.317617
0.337223
0.365606
0.243909
0.331684
0.241077
0.336492
0.386621
0.320107
0.334010
0.289953
0.219960
0.259645
0.385912
0.365438
0.369134
0.269185
0.303501
0.359769
0.308609
0.376121
0.412372
0.374440
0.371657
0.255499
0.413011
0.208193
0.237801
0.292441
0.383783
0.309142
0.317123
0.343588
0.299032
0.361397
0.205936
0.506542
0.394271
0.423448
0.331191
0.344753
0.258449
0.302204
0.450840
0.386709
0.241160
0.376531
0.395425
0.187296
0.336232
0.235720
0.325497
0.220263
0.400485
0.292517
0.330045
0.271558
0.226633
0.346382
0.411165
0.302411
0.306964
0.228379
0.287079
0.393606
0.479884
0.226218
0.349104
0.212071
0.235802
0.314157
0.456303
0.286840
0.364866
0.325133
0.248357
0.333655
0.285548
0.268172
0.285349
0.238737
0.287935
0.405341
0.302538
0.313110
0.380973
0.300424
0.355238
0.319756
0.329245
0.244732
0.315985
0.216305
0.305082
0.227620
0.339606
0.260387
0.329777
0.239595
0.244227
0.252031
0.361307
0.300426
0.287021
0.308608
0.428615
0.457064
0.215809
0.217386
0.292331
0.299094
0.354258
0.391772
0.306134
0.349655
0.421523
0.321620
0.289205
0.284149
0.241218
0.401248
0.379251
0.299430
0.277020
0.329402
0.391571
0.320464
0.337222
0.332784
0.472697
0.317615
0.350692
0.184859
0.357974
0.330092
0.241225
0.388207
0.372128
0.294104
0.258837
0.320116
0.411041
0.302382
0.330797
0.437534
0.320229
0.329349
0.320566
0.278547
0.324270
0.272879
0.400630
0.264786
0.382173
0.330087
0.400732
0.310189
0.383220
0.408623
0.263063
0.270189
0.281015
0.437250
0.416871
0.381848
0.276657
0.394029
0.184856
0.195129
0.443921
0.287021
0.451005
0.334877
0.372537
0.342094
0.280174
0.219420
0.261130
0.331032
0.400339
0.538358
0.419872
0.400796
0.471030
0.366209
0.267521
0.325379
0.429269
0.381224
0.308726
0.385691
0.369915
0.422161
0.400191
0.522494
0.291142
0.376883
0.275691
0.352754
0.257078
0.404252
0.320979
0.229850
0.412308
0.242856
0.226071
0.369027
0.313295
0.317521
0.279519
0.213328
0.142927
0.370256
0.386464
0.177210
0.409407
0.345689
0.314435
0.313326
0.231913
0.327920
0.279260
0.351149
0.346513
0.393131
0.372297
0.185582
0.294063
0.380145
0.447098
0.443965
0.410082
0.264695
0.380918
0.307137
0.347319
0.454957
0.332612
0.275588
0.354472
0.404845
0.339918
0.283040
0.328232
0.400599
0.379004
0.452676
0.319234
0.261175
0.248630
0.270155
0.282940
0.275833
0.322884
0.239506
0.295872
0.204704
0.283130
0.304359
0.312874
0.248056
0.294319
0.474158
0.321481
0.330384
0.394273
0.414115
0.412886
0.225077
0.249184
0.287915
0.316737
0.212762
0.295492
0.290412
0.205704
0.195590
0.384698
0.290520
0.402060
0.305469
0.235637
0.247759
0.249154
0.253697
0.271575
0.299853
0.339615
0.296931
0.300923
0.300607
0.346379
0.313865
0.314167
0.298711
0.292527
0.354053
0.278068
0.253990
0.278183
0.298664
0.421163
0.193893
0.275308
0.213457
0.306581
0.338307
0.190426
0.256312
0.221272
0.375956
0.295687
0.341197
0.333744
0.260795
0.223702
0.216646
0.293726
0.314789
0.368081
0.313076
0.258051
0.345633
0.432349
0.372488
0.239256
0.203510
0.307728
0.203024
0.405345
0.348259
0.290324
0.294722
0.307110
0.353493
0.276547
0.309144
0.430543
0.370334
0.352923
0.158210
0.397421
0.320004
0.176805
0.195077
0.345438
0.249074
0.268536
0.388444
0.235881
0.327949
0.474336
0.421973
0.248361
0.236597
0.343209
0.435878
0.319572
0.263751
0.251352
0.242621
0.331022
0.352687
0.309835
0.299441
0.361106
0.332039
0.259294
0.354531
0.205343
0.328567
0.227126
0.329570
0.335989
0.289365
0.393658
0.386561
0.268467
0.234237
0.282657
0.304677
0.356843
0.419450
0.249911
0.261818
0.359624
0.343296
0.472065
0.350257
0.382213
0.326305
0.343622
0.540540
0.460498
0.230201
0.315412
0.440862
0.471350
0.404027
0.301444
0.354097
0.358498
0.228744
0.269970
0.323286
0.259409
0.240354
0.280985
0.281796
0.386406
0.283858
0.323020
0.241752
0.270653
0.270964
0.256866
0.441618
0.283018
0.360743
0.198858
0.439588
0.240815
0.335137
0.285766
0.313058
0.341159
0.302087
0.272127
0.286684
0.454769
0.326763
0.349538
0.287502
0.269180
0.266278
0.426697
0.256650
0.385056
0.451495
0.188353
0.352726
0.396074
0.330742
0.261308
0.307733
0.217782
0.212555
0.294074
0.323960
0.266037
0.316647
0.360600
0.247827
0.216741
0.284377
0.222719
0.267994
0.297308
0.303618
0.251869
0.292929
0.250946
0.318064
0.251713
0.284032
0.427911
0.387810
0.305227
0.204253
0.201637
0.380828
0.370743
0.330001
0.275131
0.475753
0.259623
0.288844
0.388128
0.251544
0.201063
0.287556
0.306636
0.406757
0.353167
0.477642
0.218674
0.377114
0.259725
0.335892
0.325125
0.229265
0.359210
0.303976
0.313363
0.334236
0.326851
0.228734
0.300436
0.280514
0.309253
0.387072
0.365460
0.201773
0.370811
0.460991
0.380041
0.219431
0.209405
0.322510
0.295611
0.278751
0.274237
0.233218
0.566042
0.424948
0.275568
0.338999
0.288563
0.297713
0.246239
0.232368
0.498460
0.332628
0.425123
0.212015
0.204799
0.389262
0.241055
0.324962
0.263900
0.379010
0.169962
0.469182
0.271941
0.299968
0.146860
0.337592
0.277199
0.233840
0.330793
0.380339
0.417841
0.264784
0.248866
0.395129
0.387431
0.245667
0.391112
0.227315
0.288632
0.326303
0.362917
0.322557
0.295739
0.149426
0.409084
0.367608
0.366383
0.246991
0.332571
0.384704
0.352848
0.248123
0.299071
0.342152
0.352233
0.369988
0.276756
0.191713
0.316289
0.358792
0.279070
0.259919
0.399543
0.421754
0.255907
0.278341
0.311826
0.310689
0.288670
0.355812
0.355498
0.449388
0.279941
0.215499
0.433017
0.327809
0.313368
0.302859
0.331421
0.250295
0.243840
0.274709
0.386510
0.319140
0.236048
0.307510
0.450340
0.185372
0.370270
0.320232
0.355031
0.371657
0.313444
0.257231
0.263127
0.383013
0.193289
0.337795
0.378734
0.275524
0.308444
0.220163
0.339961
0.316231
0.378279
0.216527
0.218315
0.272218
0.413780
0.430936
0.341680
0.344311
0.314473
0.468828
0.296550
0.161292
0.365085
0.371470
0.233020
0.302947
0.287855
0.222709
0.358788
0.286193
0.406139
0.221496
0.160536
0.250275
0.340304
0.344879
0.323417
0.271680
0.304609
0.404203
0.318203
0.284753
0.310254
0.270523
0.311202
0.271731
0.289950
0.430767
0.287762
0.350370
0.196245
0.276177
0.319889
0.268728
0.339638
0.206420
0.282792
0.267885
0.362884
0.394130
0.245794
0.289299
0.202723
0.319149
0.206884
0.231582
0.312758
0.377716
0.326690
0.248262
0.239657
0.264267
0.244559
0.352033
0.249577
0.224273
0.247945
0.334536
0.263943
0.222828
0.225550
0.280356
0.314579
0.232936
0.232542
0.188524
0.308990
0.266680
0.348212
0.230482
0.334076
0.145598
0.217692
0.295021
0.252247
0.283252
0.357036
0.501846
0.274944
0.265781
0.215910
0.359284
0.270381
0.211728
0.247981
0.232520
0.145722
0.383937
0.272516
0.169787
0.254134
0.203147
0.326675
0.292595
0.251661
0.419508
0.344400
0.251641
0.185020
0.313906
0.308516
0.428902
0.383402
0.228688
0.357540
0.359104
0.275912
0.355010
0.481075
0.202452
0.199350
0.302670
0.299858
0.315711
0.249810
0.358174
0.234359
0.397026
0.270848
0.264528
0.335676
0.256964
0.255360
0.327236
0.241292
0.272191
0.295968
0.221640
0.249422
0.285581
0.295696
0.380449
0.225140
0.204262
0.246186
0.274788
0.254223
0.313545
0.376335
0.162917
0.285496
0.216146
0.585285
0.294136
0.257486
0.228166
0.243857
0.289948
0.335275
0.371513
0.358622
0.276344
0.298010
0.225309
0.198947
0.131254
0.209237
0.220636
0.153374
0.294265
0.302431
0.345626
0.251030
0.244457
0.295411
0.244014
0.287974
0.268080
0.294206
0.284813
0.202887
0.297890
0.351025
0.431351
0.225882
0.318782
0.379586
0.297187
0.230782
0.370715
0.239454
0.394535
0.306620
0.303348
0.345712
0.341793
0.493240
0.356710
0.484196
0.285325
0.290726
0.307530
0.317533
0.342065
0.367912
0.243485
0.338933
0.356707
0.236918
0.230218
0.277452
0.425493
0.264428
0.251712
0.341157
0.336549
0.321540
0.152473
0.258947
0.300113
0.235077
0.469077
0.269085
0.186774
0.158926
0.269481
0.372342
0.425718
0.471638
0.132259
0.360383
0.333528
0.299674
0.334690
0.159329
0.293870
0.313046
0.287119
0.320926
0.241235
0.235829
0.278034
0.329109
0.267758
0.228569
0.261374
0.223074
0.437442
0.287335
0.301780
0.273655
0.278180
0.315325
0.255382
0.319296
0.425869
0.337240
0.355055
0.347479
0.319704
0.237498
0.339425
0.283461
0.325315
0.261694
0.366070
0.297393
0.407372
0.269885
0.337349
0.376754
0.358121
0.276052
0.320732
0.199242
0.232425
0.407664
0.327499
0.266927
0.216496
0.309536
0.239135
0.299860
0.251837
0.314978
0.309397
0.242727
0.344930
0.406303
0.359937
0.167548
0.189769
0.179902
0.359211
0.202505
0.321671
0.195607
0.344794
0.507249
0.183557
0.230153
0.263411
0.269122
0.248267
0.242400
0.248009
0.226428
0.196743
0.416289
0.383109
0.327365
0.501827
0.379640
0.304186
0.293908
0.340114
0.311204
0.264818
0.266586
0.274865
0.233284
0.297322
0.322253
0.313316
0.221005
0.280193
0.308556
0.248041
0.306738
0.374305
0.208551
0.254159
0.229690
0.338323
0.271480
0.318933
0.471008
0.341183
0.300943
0.327159
0.453601
0.218259
0.263114
0.290241
0.348862
0.316394
0.217828
0.303174
0.189032
0.239998
0.318010
0.230112
0.285248
0.390200
0.403883
0.374945
0.169744
0.256537
0.244372
0.299575
0.515560
0.253583
0.291166
0.165259
0.230317
0.335093
0.272400
0.373969
0.293540
0.276318
0.336627
0.355166
0.226695
0.273110
0.464232
0.232986
0.221138
0.366060
0.359683
0.318179
0.287908
0.416702
0.261758
0.324991
0.363067
0.360260
0.279916
0.369856
0.328736
0.292128
0.282843
0.327166
0.208958
0.334694
0.223029
0.275055
0.233660
0.382119
0.365022
0.307521
0.434379
0.183941
0.228862
0.275077
0.302046
0.162794
0.283496
0.304105
0.241794
0.407634
0.343346
0.256474
0.306438
0.360736
0.305064
0.345380
0.284666
0.215833
0.196591
0.503886
0.206665
0.274729
0.324839
0.384351
0.292454
0.386931
0.263716
0.367560
0.329897
0.302781
0.260783
0.348597
0.361739
0.201201
0.227197
0.380609
0.180286
