2.302968
2.300621
2.301039
2.304768
2.298455
2.297913
2.300378
2.288513
2.279524
2.287305
2.266739
2.265405
2.275131
2.260613
2.264061
2.268746
2.228620
2.149752
2.169799
2.182795
2.105270
2.152469
2.033641
2.180170
2.068974
2.162111
2.025913
2.080958
2.300170
2.067000
2.116370
2.080558
2.129986
2.056241
2.003817
2.074698
1.978795
2.191056
2.101854
2.024937
2.062547
2.047037
2.034030
2.076755
2.088813
2.047791
2.093405
2.212013
2.019983
2.053387
1.956772
2.067176
1.989799
1.991641
2.155459
2.044383
1.960558
1.985139
1.986781
1.965089
1.960074
2.024949
2.038478
2.085276
2.015349
1.958543
1.947027
1.969972
1.970651
1.935830
2.004174
1.927534
2.102254
1.975975
2.074259
1.942186
1.953176
1.940332
2.017171
1.885125
1.937740
1.907308
1.915418
1.910618
1.982919
2.048439
1.938033
1.935006
1.920968
1.895133
2.017804
1.850442
1.978116
1.935903
1.940921
1.948616
1.915978
1.914243
2.018689
1.917866
1.887311
1.981500
1.958658
2.061413
1.893467
2.054141
2.009106
1.997378
1.946755
1.854661
1.888778
2.060092
2.114717
1.919124
1.849275
2.007134
2.015407
1.958243
2.023435
1.908653
1.933405
1.931126
2.077765
1.915629
1.941140
1.935780
1.842461
1.895487
1.962119
1.925731
1.952789
1.890624
1.865610
1.801026
1.873480
1.862097
1.919852
1.860763
1.778960
1.782316
1.748642
1.855444
1.915429
1.832756
1.844726
1.960670
2.036734
1.873598
1.761600
1.872074
1.947862
1.827606
1.776462
1.778200
1.873644
1.824905
1.903768
1.765871
1.838547
1.832178
1.856098
1.789067
1.795060
1.700709
1.768328
1.658814
1.693424
1.899894
1.729643
1.856682
1.802766
1.764790
1.765052
1.808828
1.872310
1.766381
1.815632
1.749048
1.802058
1.691936
1.716925
1.798154
1.786815
1.791583
1.766971
1.720129
1.867935
1.650472
1.707786
1.817260
1.733331
1.802880
1.840775
1.802049
1.712873
1.767329
1.586769
1.662825
1.783895
1.754374
1.711213
1.835827
1.699310
1.823345
1.633646
1.795709
1.606568
1.677111
1.803964
1.550167
1.753466
1.676734
1.651908
1.692171
1.720170
1.834320
1.786476
1.790477
1.769171
1.827293
1.658478
1.775202
1.666698
1.752766
1.740039
1.694878
1.890001
1.621412
1.816214
1.716272
1.805301
1.737412
1.679497
1.706586
1.660670
1.616250
1.538771
1.685808
1.738034
1.664937
1.573758
1.537540
1.467961
1.672704
1.576014
1.520894
1.830277
1.699338
1.569224
1.962482
1.611890
1.719679
1.794222
1.580196
1.724035
1.766445
1.609458
1.754277
1.589655
1.648953
1.526628
1.564645
1.595190
1.603784
1.676850
1.761228
1.617591
1.585978
1.730878
1.801992
1.589935
1.631348
1.719280
1.626508
1.729729
1.617829
1.668312
1.644585
1.628174
1.601709
1.717958
1.654254
1.863050
1.705453
1.584467
1.729182
1.766762
1.729808
1.710757
1.706578
1.685627
1.625240
1.622177
1.662265
1.550563
1.594355
1.651730
1.635418
1.638199
1.658317
1.642895
1.665600
1.510383
1.651544
1.527178
1.629555
1.602664
1.579175
1.662527
1.583816
1.549569
1.652691
1.624593
1.651655
1.479473
1.574268
1.501627
1.586826
1.688699
1.645433
1.638591
1.699263
1.578483
1.507793
1.580407
1.594899
1.634585
1.433125
1.652402
1.460602
1.581061
1.637151
1.525946
1.494070
1.763688
1.650924
1.596374
1.647650
1.646398
1.665677
1.634926
1.460476
1.630651
1.478265
1.631889
1.625273
1.614610
1.519827
1.578706
1.537586
1.656742
1.624608
1.475875
1.595787
1.486936
1.584254
1.597024
1.624903
1.585711
1.522959
1.610488
1.610696
1.425185
1.444732
1.661825
1.504328
1.454381
1.443258
1.514652
1.524674
1.547762
1.684591
1.490166
1.530662
1.441726
1.520026
1.737043
1.630409
1.584952
1.441741
1.742921
1.501982
1.369538
1.542454
1.626447
1.572845
1.514935
1.503884
1.538349
1.676294
1.503901
1.333888
1.407771
1.494814
1.482367
1.313202
1.428613
1.388971
1.569950
1.604731
1.538386
1.641175
1.721960
1.527117
1.529554
1.480985
1.585687
1.447505
1.549178
1.403811
1.453445
1.542922
1.582749
1.471708
1.472027
1.576851
1.544963
1.655037
1.546548
1.546911
1.503069
1.546606
1.584148
1.493487
1.522574
1.529908
1.506146
1.465785
1.405351
1.383442
1.588082
1.630148
1.413302
1.443569
1.660198
1.605995
1.520296
1.596511
1.595463
1.494689
1.599262
1.414396
1.578133
1.595204
1.475101
1.522069
1.655290
1.616094
1.633833
1.485543
1.586528
1.376684
1.472813
1.415536
1.396405
1.391948
1.324697
1.500988
1.501004
1.474720
1.393256
1.408488
1.326292
1.566108
1.427380
1.503269
1.590508
1.290061
1.530277
1.588414
1.519507
1.539424
1.537430
1.411677
1.543782
1.580941
1.601573
1.309561
1.385435
1.349236
1.374161
1.325772
1.459821
1.416086
1.504646
1.506557
1.517678
1.557783
1.452182
1.629086
1.518249
1.689253
1.491100
1.497148
1.379653
1.541037
1.602722
1.480366
1.506914
1.476278
1.439159
1.445149
1.282129
1.607717
1.492912
1.614702
1.262062
1.586399
1.529982
1.495057
1.483380
1.542344
1.426546
1.521155
1.506621
1.469936
1.585108
1.560343
1.511406
1.647266
1.477126
1.417757
1.393608
1.492557
1.441165
1.596167
1.443434
1.437538
1.326515
1.637028
1.427408
1.519756
1.515131
1.542585
1.495609
1.562724
1.585299
1.412506
1.420459
1.503643
1.442768
1.360238
1.279929
1.574808
1.635868
1.507549
1.569814
1.457062
1.362249
1.441715
1.500423
1.548680
1.446143
1.459102
1.358892
1.402210
1.462790
1.464276
1.342999
1.426464
1.460744
1.481106
1.554917
1.390221
1.410129
1.327481
1.403162
1.469513
1.331564
1.365271
1.237677
1.285837
1.198320
1.285344
1.545413
1.363979
1.489626
1.416051
1.318353
1.345400
1.457498
1.369127
1.416320
1.595984
1.661548
1.517382
1.320054
1.558148
1.455935
1.422485
1.573269
1.541955
1.455695
1.507958
1.476287
1.599804
1.755422
1.405112
1.592887
1.308245
1.491390
1.271482
1.472211
1.469614
1.451160
1.352183
1.352446
1.375892
1.292828
1.341712
1.544568
1.365917
1.499441
1.193184
1.244905
1.302187
1.240394
1.340958
1.208467
1.400280
1.351259
1.640569
1.480691
1.519184
1.490953
1.381469
1.366764
1.395209
1.381407
1.397075
1.624667
1.319435
1.452891
1.503201
1.318663
1.534432
1.372811
1.331787
1.501047
1.418643
1.369946
1.472131
1.396179
1.240404
1.208886
1.380907
1.269766
1.280419
1.386192
1.507343
1.315857
1.269708
1.377401
1.069656
1.435402
1.391976
1.219284
1.213703
1.423865
1.480080
1.330326
1.404185
1.474984
1.170348
1.427080
1.361616
1.527870
1.229357
1.355188
1.340120
1.349208
1.325704
1.183444
1.361524
1.374619
1.392516
1.285480
1.415214
1.192930
1.474830
1.279452
1.323452
1.298961
1.331775
1.529856
1.290540
1.304659
1.235667
1.329459
1.575577
1.382993
1.372545
1.456942
1.289653
1.399674
1.331189
1.305699
1.366776
1.246011
1.141568
1.462972
1.429969
1.374591
1.466560
1.424649
1.277300
1.271806
1.432220
1.133817
1.371511
1.299166
1.436109
1.337718
1.326286
1.383098
1.381325
1.292058
1.427114
1.525840
1.489112
1.539245
1.478384
1.230984
1.423364
1.334625
1.396227
1.365406
1.248456
1.272563
1.311031
1.255537
1.352288
1.331917
1.235110
1.336197
1.409209
1.211077
1.341767
1.347857
1.419475
1.423969
1.214783
1.576158
1.245578
1.474797
1.394185
1.225837
1.237626
1.358303
1.196524
1.309272
1.480847
1.286731
1.307115
1.441979
1.360132
1.409292
1.272791
1.383714
1.257516
1.605831
1.210263
1.273750
1.314924
1.236726
1.342516
1.323748
1.359198
1.232100
1.439744
1.245222
1.205687
1.309072
1.269457
1.222416
1.400323
1.329369
1.445626
1.374420
1.310061
1.414691
1.292134
1.154156
1.187907
1.405387
1.256801
1.310034
1.217875
1.266345
1.357877
1.335921
1.358115
1.453521
1.159291
1.484123
1.234450
1.315281
1.140147
1.329427
1.190797
1.370709
1.310212
1.143292
1.261928
1.320437
1.448775
1.171815
1.282702
1.337276
1.208440
1.344157
1.234471
1.163001
1.248717
1.400326
1.264036
1.353938
1.151797
1.190760
1.429082
1.251885
1.348779
1.211213
1.325042
1.297436
1.455081
1.261972
1.231626
1.277270
1.361667
1.237575
1.250657
1.082679
1.344744
1.119346
1.409176
1.334735
1.336587
1.292993
1.343866
1.374159
1.231822
1.393086
1.357300
1.419889
1.246001
1.334099
1.228027
1.314164
1.291669
1.326657
1.354352
1.307772
1.269448
1.376566
1.148506
1.102186
1.234574
1.234030
1.338796
1.240296
1.244395
1.141931
1.267258
1.387716
1.343745
1.077006
1.167235
1.429157
1.412536
1.281755
1.291671
1.349684
1.354375
1.178482
1.058657
1.276481
1.130013
1.150778
1.225560
1.170646
1.345069
1.395888
1.344566
1.218630
1.100632
1.218264
1.227169
1.327389
1.309392
1.407791
1.204591
1.155613
1.168813
1.352341
1.148903
1.272780
1.207309
1.300739
1.214306
1.111570
1.271348
1.115569
1.269281
1.443952
1.308218
1.350590
1.197303
1.358791
1.275117
1.101035
1.395690
1.297714
1.365789
1.249042
1.308340
1.181908
1.199932
1.190936
1.138021
1.251495
1.269949
1.180793
1.371777
1.343405
1.147112
1.170777
1.184238
1.300748
1.239078
1.204401
1.212991
1.177045
1.082203
1.158644
1.152200
1.187225
1.093653
1.063347
1.332454
1.069309
1.391613
1.250712
1.214043
1.083762
1.185846
1.284880
1.330076
1.444420
1.131472
1.274074
1.179307
1.319527
1.181559
1.152203
1.280054
1.414249
1.331156
1.287968
1.105439
1.365729
1.260328
1.413088
1.409383
1.197651
1.242444
1.163674
1.230432
1.247480
1.417519
1.211138
1.121344
1.340912
1.162272
1.363880
1.406850
1.112695
1.146828
1.379584
1.282499
1.204003
1.186503
1.333228
1.354456
1.288425
1.215043
1.259947
1.168181
1.228169
1.215192
1.497203
1.164718
1.369979
1.171358
1.231047
1.125079
1.266381
1.145004
1.385692
1.071024
0.957929
1.181109
1.279709
1.123847
1.316713
1.086860
1.194055
1.235529
1.085687
1.338946
1.145115
1.370413
1.332353
1.246115
1.288958
1.456015
1.390382
1.280111
1.310868
1.240597
1.265012
1.205438
1.096993
1.189302
1.298899
1.123865
1.246818
1.181077
1.300602
1.251200
1.206105
1.148576
1.089185
1.068656
1.335254
1.241110
1.154521
1.266305
1.325661
1.195161
1.155318
1.145069
1.224703
1.428871
1.263073
1.141902
1.199203
1.355319
1.133637
1.192321
1.331381
1.146246
1.219139
1.181390
1.243384
1.137556
1.277027
1.057860
1.126188
1.272986
1.154182
1.133539
1.261415
1.178692
1.161907
1.351882
1.075184
1.283381
1.155529
1.071564
1.314432
1.070156
1.161479
1.239679
1.028531
1.116800
1.189663
1.164756
1.165515
1.254737
1.089626
1.204701
1.240515
1.177930
1.478516
1.118981
1.187006
1.035148
1.150410
1.249174
1.125451
1.263135
1.085392
1.230782
1.177069
1.271046
0.989119
1.186476
1.202184
0.992327
1.407837
1.335604
1.241017
1.075162
1.062980
1.292029
1.186999
1.258027
1.111107
1.269407
1.211399
1.362554
1.112434
1.173283
1.014339
1.204443
1.174173
1.143766
1.082988
1.267923
1.049092
1.270774
1.314716
1.167264
1.042322
1.182642
1.201177
1.126755
1.211677
1.210054
1.067037
1.269343
1.106733
1.152851
1.234801
1.069807
1.307017
1.130246
1.045477
1.510868
1.164514
1.219688
1.120555
1.120251
1.060135
1.055580
1.079148
1.367958
1.342346
1.140122
1.149640
1.152276
1.282667
1.061846
1.121440
1.092716
1.241329
1.266939
1.160668
1.139068
1.181542
0.967859
1.079245
1.155290
1.181316
1.066901
1.066880
1.264548
1.192768
1.279310
1.174897
1.051105
1.227805
1.075215
1.131338
1.262969
1.358219
1.089619
1.145811
0.994619
1.085111
1.048560
1.183146
0.984393
0.945530
1.284577
1.064277
1.205638
1.176917
1.201252
1.180012
1.145934
1.084331
1.069930
0.960188
1.195062
1.262505
1.011067
1.170179
1.156994
1.210977
1.155447
1.068237
1.031845
1.203228
1.271658
1.255261
1.075220
1.196098
1.302148
1.060136
1.031985
1.152113
0.998360
1.033394
1.112895
1.132388
1.352296
1.037215
1.086070
1.006779
1.053562
1.081809
1.219999
1.106434
0.972268
1.067719
1.073545
1.113956
1.209598
1.138848
1.108484
1.108824
1.104660
1.185704
1.167998
0.884582
1.263069
1.046639
1.134913
1.248968
1.092609
1.539864
1.177079
1.209249
1.086671
1.166782
1.047368
1.041623
1.106415
1.122138
1.080692
1.140415
1.271173
1.105844
1.252439
0.964781
1.102573
1.159980
1.204154
1.129991
1.170185
1.057238
1.120724
1.169391
1.253747
1.176387
1.043449
1.141740
1.014668
1.304120
1.285490
1.193432
1.153943
1.151159
1.033656
1.110567
1.061746
0.954941
1.123538
0.952734
0.910684
1.295545
1.157961
1.026396
1.020643
1.022410
1.146342
0.957303
1.126454
1.095615
1.321828
1.158949
1.168364
1.040960
1.067326
0.959802
1.025042
1.256617
1.291557
1.068923
1.100999
1.043953
1.170495
1.145389
1.225801
1.059957
1.069349
1.094152
1.174149
1.310195
0.903317
1.070535
1.201266
1.019577
1.147360
1.093515
0.970190
0.936363
1.005194
1.151296
1.197436
1.042066
1.174370
1.040467
0.971103
1.097035
1.098746
1.030467
0.962368
1.222886
1.110893
1.289678
1.095514
1.064056
0.942029
1.257174
1.029786
1.072294
1.270222
1.233676
1.106830
1.127163
1.096471
1.168348
1.089982
1.117109
1.179490
1.107630
1.071302
1.114874
1.203886
1.023594
1.155744
1.067975
1.090212
1.231844
1.128901
1.026606
1.075097
1.052029
1.169314
1.059089
1.100939
1.155640
1.071137
1.019080
1.129170
1.121124
0.978492
0.992123
1.064486
1.004324
1.037890
1.104288
0.922422
1.055573
0.995631
1.112807
1.072865
1.195858
0.923891
1.020254
1.050310
1.125744
1.284828
1.204495
1.085542
1.176075
0.999250
1.155601
1.181951
1.109603
1.020052
1.060881
1.129210
1.079272
1.160004
1.012971
1.185657
1.109943
1.244521
1.086922
1.266905
1.174886
1.094759
0.993128
1.156805
1.153690
1.165612
1.118215
1.038619
1.169326
1.005310
1.015512
1.047192
1.165744
1.049337
1.065102
1.205751
1.060442
1.011082
0.974292
1.157949
0.917319
1.083411
1.094254
1.115622
0.922722
1.059641
1.116832
1.125409
0.987243
0.986217
1.158831
1.057824
1.062130
1.179623
1.084949
1.150959
0.993129
1.001966
0.925707
0.980018
1.129414
0.983158
0.942961
0.984227
1.003265
1.060144
0.959123
1.052388
1.226660
1.252312
1.031347
1.199600
1.006273
0.919612
1.074194
1.200217
1.058584
1.205284
1.187269
1.126508
1.055852
1.036686
1.217599
1.152153
0.972696
0.976239
1.369459
0.967117
1.134103
1.024033
1.155212
0.902625
1.195167
1.100497
1.197183
1.013265
1.180990
0.900370
1.176089
1.016258
0.947799
1.038606
1.101988
1.129907
1.141260
1.228018
1.067501
1.135849
0.999403
1.222852
1.177128
0.955279
0.912357
1.147555
1.184263
1.018557
1.056521
1.147602
0.909974
1.006150
1.074914
0.879141
1.029862
1.038341
0.956805
0.935061
0.947571
0.895881
0.988799
1.080490
0.941699
1.175526
0.931398
1.003372
1.098871
1.118055
1.080188
1.034510
1.027715
1.051449
1.044648
1.111913
0.992908
1.247767
1.048913
1.107456
1.095128
1.122403
1.060623
1.091212
1.055573
0.948544
0.980470
0.806781
0.957852
1.079966
1.105875
1.061977
1.129773
1.159018
1.115067
0.927480
0.858655
1.059100
1.002527
0.998129
1.082703
0.925855
1.052534
1.101208
0.934226
1.187039
0.834396
1.129930
1.031492
0.925082
0.927167
1.024011
0.961911
1.172257
0.843164
1.056983
1.051810
0.982066
1.074890
0.961762
0.917475
0.898392
1.054747
0.942921
1.029484
1.110814
0.938600
1.102688
0.983574
0.992712
0.842487
1.079055
1.005351
1.057553
0.991538
0.776893
0.868158
0.983414
1.002010
1.025535
1.067431
1.010187
1.010301
1.119768
1.064261
0.894341
0.999045
1.151434
1.195094
0.999831
1.046287
0.894469
0.909296
0.908896
1.167289
0.885508
0.879289
0.879387
0.981270
1.056123
1.119315
1.206121
1.296096
1.009242
1.306957
1.010119
1.102453
0.786020
0.854880
1.157432
1.048013
1.015264
0.981255
0.968760
0.978109
1.088133
1.074825
1.242034
1.012668
1.113120
1.018288
1.107564
1.062685
0.989400
1.039146
1.101393
0.987441
0.965614
1.044456
0.866304
1.170142
1.016709
1.118805
1.010753
0.871092
1.036363
0.943961
1.198101
0.984943
1.014449
1.215235
0.955070
1.129974
1.011129
0.936606
0.956897
0.965996
1.001800
0.979365
0.890329
1.162238
1.133077
0.941916
0.999357
1.214338
1.129973
1.065088
1.041738
1.094984
0.927855
1.393589
1.011442
0.946987
1.017128
1.033864
0.987686
1.101164
1.056228
1.021583
0.908150
0.890745
0.995680
0.963073
0.916713
0.933275
1.000225
1.028484
0.919951
1.054746
1.121517
1.030681
1.054352
1.109819
0.905626
1.100730
0.906499
1.120820
1.102661
1.094586
0.917075
1.037261
0.816139
1.192855
1.215893
1.061238
1.006210
0.884932
1.081640
1.003009
0.837565
0.949942
1.057275
0.931943
0.995423
0.870542
0.981882
0.935263
0.930465
0.853640
0.968237
1.039302
0.901538
0.909984
0.957288
0.985611
0.894292
0.889477
1.111504
1.061956
1.188111
1.158793
0.856995
1.169274
0.929982
1.093904
0.945814
0.959431
0.973826
0.952841
1.021872
1.087340
0.909599
0.964129
1.073500
1.004461
1.100641
0.908498
0.921954
1.083649
0.839849
1.039262
0.962384
0.831758
1.087301
0.879827
0.873836
0.960373
0.958226
0.830695
1.059895
0.994687
0.929621
0.993325
0.997532
0.932427
0.858171
0.996896
0.946914
0.907171
0.946531
1.071960
0.891749
0.989447
0.962918
0.985246
0.823468
0.932648
0.990421
1.042748
1.087535
1.108302
0.804235
1.085626
1.094033
1.175847
1.047034
1.060536
0.989581
0.966931
0.880956
1.191525
0.924734
0.901232
0.820033
1.015122
1.017124
0.955764
0.808694
0.931752
1.050938
1.095731
0.986620
0.923702
0.976226
1.049752
0.916307
1.104804
0.973052
1.015805
1.003830
0.947728
0.936582
1.061488
1.008108
0.929402
0.929335
0.884062
1.052673
1.131492
0.827115
0.856436
1.004137
1.041452
0.794836
1.061799
0.987570
0.963643
1.011144
0.902547
0.940994
1.093017
1.049453
0.894677
1.017205
1.013161
0.881760
0.902245
0.867106
1.075831
0.918389
1.002092
1.047948
0.949218
0.882412
0.940941
0.902529
0.943156
0.938116
0.998446
0.866742
1.067950
1.019064
1.091676
0.929584
1.191752
0.872595
1.019327
0.919904
1.079781
0.841539
1.038842
1.201326
1.142271
1.096281
0.945126
0.980719
1.147034
0.987417
1.060416
0.938654
1.107101
0.912364
0.881526
1.083890
1.156930
0.878279
0.914620
1.048867
1.009237
1.150480
0.906858
0.973086
0.856142
1.080634
0.950225
0.936854
0.863399
0.869283
0.884449
0.935009
0.974197
0.833694
0.852254
0.898864
0.879366
1.015103
0.817356
0.883115
0.956553
0.892195
1.024199
0.871686
0.924295
1.075555
0.791720
0.853962
0.901491
0.815492
0.978502
0.881551
0.981738
0.868391
0.878014
1.078424
0.947764
0.903080
0.898552
0.864947
0.960122
1.093126
0.759281
0.837828
1.268616
0.712951
0.952996
1.001974
0.949560
1.015522
0.859950
0.867578
1.023918
0.821799
1.017290
0.855737
0.914646
1.184829
0.861219
0.967331
0.998218
0.940826
1.014928
0.825724
0.976352
0.859288
0.988794
0.787649
0.767092
0.888827
1.012118
0.874673
0.762154
0.933512
1.013110
0.937962
1.033490
0.952760
0.737051
0.958481
1.040339
0.988265
0.771584
0.813796
1.037486
0.939036
0.937392
1.032327
0.939243
1.053404
0.759549
0.796545
0.778240
1.010140
0.887303
0.729972
0.818284
0.883744
0.822863
0.766408
0.947641
1.133809
0.938139
1.078529
1.002524
0.919571
0.909475
0.790170
0.859330
0.843805
0.971860
0.829464
0.818053
0.746521
0.901347
0.900214
1.028051
0.911892
0.938697
0.964800
0.746756
0.958583
0.907349
0.959149
1.073040
0.998966
0.796545
0.805485
0.947876
0.975519
0.886753
0.930555
0.925345
0.914598
1.062104
0.905460
1.010209
0.926410
0.910681
0.909218
0.920947
0.985359
0.841511
0.908100
0.825467
1.013998
0.775738
0.753281
0.840146
0.831519
0.955956
0.920046
1.005332
0.936511
0.949657
1.094291
0.935100
0.894077
0.985804
0.745928
1.029904
0.825345
1.092486
0.972301
0.862865
0.998170
0.950898
0.875177
0.869145
0.945196
1.007422
0.861166
0.994464
0.866498
0.860837
0.970348
1.007946
0.953279
1.026963
0.971766
1.025609
0.972070
0.911512
0.806218
0.915021
0.769328
0.941802
0.901251
1.037537
0.886881
1.121714
0.820398
0.832932
1.039738
0.915556
1.020092
0.756087
0.841346
0.939517
0.863230
1.079777
0.778289
1.065324
0.855150
0.907614
0.837310
0.782998
0.849435
0.884029
0.864665
1.059583
0.914654
0.907284
0.845058
0.728628
0.903964
0.838606
0.872824
0.939613
0.891463
0.843461
0.969009
0.868572
0.854402
0.916865
0.851484
0.805971
1.112161
0.793089
0.935997
0.881468
0.863825
1.055016
0.852031
0.730716
0.907003
0.996737
0.713307
0.915278
0.910881
1.033496
0.907457
1.098352
0.780657
1.090744
0.838321
0.860357
1.008502
0.803874
1.084709
0.957191
0.861362
0.789886
0.800156
0.920312
0.840601
0.769558
0.864242
1.015443
0.887157
0.819190
0.815672
0.894936
0.808805
0.862789
1.072633
1.011963
0.921981
1.102198
0.870200
0.943271
0.966673
0.844225
0.737861
0.884624
0.984248
0.853404
1.121834
1.016015
0.853429
1.033313
1.155437
0.999847
1.026778
1.034191
1.069245
0.912260
0.973114
0.918100
1.028137
0.956888
1.036102
0.843729
0.787255
0.856857
0.884999
0.981958
0.755809
0.879767
0.798506
0.854714
0.649186
0.887914
0.762714
0.881867
0.976690
0.796916
0.858396
0.865801
0.895632
0.853183
1.021217
0.817182
0.876374
0.842509
0.969618
0.927765
0.935222
1.132303
0.951941
0.892393
0.847907
0.838980
0.795215
0.873000
0.688256
0.927005
0.900787
0.925385
1.059032
0.867918
0.945136
0.957145
0.695173
0.834765
0.903852
0.983464
0.902475
0.811216
0.861595
0.896459
0.769736
0.851800
0.764947
0.840727
0.922971
1.021625
0.890904
0.760335
1.007228
0.964769
0.845886
0.723951
0.805496
0.797646
1.085874
0.893333
0.836915
0.932248
0.725759
0.755779
0.959279
0.952977
0.824654
0.684221
0.845991
0.689305
1.028743
0.837297
1.046512
0.824529
1.059700
0.834174
0.854875
0.969951
0.797633
0.809495
0.810718
0.787503
0.969418
0.820032
1.030440
0.859064
1.052400
0.946855
0.865834
0.861028
0.812910
0.905413
0.900045
0.798296
0.880747
0.792845
0.848382
0.895268
0.853199
0.986061
0.957208
0.750393
0.919885
0.833849
0.916592
0.904446
0.838760
1.054155
0.851182
0.731492
0.848308
0.726012
0.915961
0.855178
0.876147
0.884301
0.602597
0.889354
0.888759
0.738301
0.926446
0.919539
0.866405
1.058220
0.851673
0.725290
0.815468
0.588793
0.835850
0.863732
0.856336
0.743861
0.703232
0.760572
0.948361
0.820633
0.841669
0.899467
0.886764
0.799654
0.944360
0.866668
0.793345
0.784616
0.719957
0.872993
0.940095
0.792456
0.717160
0.794763
0.813693
0.850959
0.740681
0.789155
0.982087
0.943936
0.907566
0.970719
0.944086
0.806742
1.095071
1.005741
1.057152
0.733123
0.760234
1.056442
1.007933
0.868178
0.885445
0.944382
0.944560
0.803982
0.688385
0.831480
0.905715
0.950194
0.796703
0.837619
0.850322
0.860371
0.833899
0.808202
0.782746
0.782852
0.717980
0.749656
0.820730
0.823489
0.907156
0.893371
0.881461
0.922648
0.726148
0.741678
0.952619
0.920074
1.025497
0.771685
0.984708
0.842146
0.842190
0.862197
0.858375
0.737284
0.904690
0.890953
0.799030
0.866516
0.824406
0.806874
0.955905
0.693537
0.836704
0.905975
0.915925
0.891351
0.809534
0.860646
0.935076
0.873911
0.766897
0.794398
0.768624
0.730018
0.799934
0.868237
0.739155
0.668037
0.783096
0.898636
0.743916
0.938442
1.149633
0.871235
0.857797
1.102203
0.689707
0.702148
0.890795
0.807002
0.930989
0.757162
0.768362
0.860751
0.962952
0.813053
0.799490
0.763524
0.899349
0.782128
0.896012
0.587325
0.612636
0.683483
0.787724
0.763337
0.796607
0.670177
0.731532
0.973295
0.984739
0.941152
0.893298
0.867828
0.698536
0.868651
0.759350
0.834055
0.858704
0.859539
0.841266
0.901267
0.770118
0.835011
0.902119
0.671730
0.979195
0.795525
0.775092
0.884166
0.904506
0.858680
0.795796
0.758818
0.837629
0.906511
0.810079
0.842152
0.889109
0.708839
0.730083
0.847495
0.778259
0.657429
0.716471
0.850876
1.004241
0.768198
0.854724
0.906244
0.862724
0.765490
0.793400
0.769899
0.851032
0.975614
0.780448
0.720664
0.843172
0.882086
1.006171
0.791170
0.797284
0.785354
0.805455
0.833215
0.756758
0.803380
0.800077
0.753535
0.840975
0.957713
0.964046
0.715262
0.882272
0.750124
0.809556
0.888660
0.794145
0.883524
0.792835
0.929266
0.799861
0.723521
0.740611
0.736204
0.790238
0.758475
0.874436
0.728389
0.617625
0.700671
0.687039
0.693155
0.767452
0.599145
0.983338
0.854231
0.706902
0.964632
0.978057
0.687854
0.799631
0.758386
0.688221
0.833612
0.868011
0.763973
0.965454
0.664160
0.802401
0.907467
0.613524
0.646685
0.795427
0.832313
0.798721
0.883722
0.919803
0.896958
0.866155
0.786412
0.819240
0.851895
0.660886
0.755709
0.792446
0.617542
0.686290
0.703974
0.773151
0.859526
0.694643
0.994358
0.843131
0.820604
0.681044
0.792920
0.863922
0.629450
0.843819
0.743633
0.761140
0.706237
0.721148
0.852814
0.765090
1.010901
0.895580
0.957522
0.877699
0.882559
0.784457
0.665689
0.693412
0.828497
0.795071
0.819184
0.821906
1.092390
0.773586
0.884757
0.925663
0.897543
1.013583
0.993296
0.913988
0.763032
0.830520
0.924588
0.776209
0.793082
0.791282
0.623364
0.712566
0.879008
0.776174
0.625352
0.863393
0.700810
0.719515
0.740021
0.800644
0.680441
0.816851
1.001742
0.877950
0.813314
0.955937
0.668418
0.615899
0.811507
1.120207
0.899733
0.839830
0.886941
0.800953
0.726470
0.754844
0.729713
0.782880
0.914463
0.814738
0.901240
0.892335
0.762194
0.810976
0.767113
0.878458
0.820582
0.789401
0.818692
0.772123
0.824571
0.863981
0.688535
0.831305
0.806106
0.631162
0.775475
0.785105
0.744237
0.801229
0.719792
0.708206
1.012748
0.737617
0.834729
0.950267
0.895185
0.942141
0.873270
0.894747
0.849768
0.925560
0.843999
0.742036
0.906963
0.760617
0.926437
0.886216
0.885581
0.677335
0.898786
0.851903
0.841676
0.781810
0.825280
0.820960
0.749081
0.757915
0.919685
0.783990
0.853484
0.776612
0.886288
0.689870
0.919837
0.868953
0.792996
0.893930
0.770549
0.754519
0.747113
0.708663
0.714158
0.734703
0.770646
0.903171
0.943389
0.705147
0.659205
0.838563
0.733616
0.812457
0.720479
0.654783
0.788593
0.763278
0.727077
0.806791
0.711353
0.882047
0.635636
0.827512
0.662004
0.696708
1.010766
0.644598
0.883294
0.985470
0.810676
0.794158
0.704446
0.742041
0.707180
0.836528
0.992405
0.790653
0.800916
0.790594
0.740375
0.819056
0.728271
0.815300
0.801828
0.941214
0.824014
0.893428
0.587628
0.764907
0.609882
0.771484
0.728044
0.924364
0.826066
0.657421
0.799600
0.949014
0.880787
0.678229
0.761574
0.758241
0.770737
0.911126
0.833685
0.655629
0.780183
0.747508
0.769702
0.653961
0.678309
0.745350
0.685273
0.748692
0.869337
0.669853
0.751043
0.786470
0.842756
0.895581
0.851854
0.891603
0.825711
0.812335
0.655442
0.890184
0.829610
0.797091
0.666721
0.592471
0.830535
0.765624
0.678073
0.725810
0.762674
0.722249
0.720544
0.655216
0.732284
0.714941
0.819099
0.708945
0.850883
0.722587
0.811464
0.627482
0.720631
0.655211
0.699211
0.910331
0.706877
0.801030
0.699969
0.946796
0.795177
0.738477
0.807559
0.695807
0.956212
0.792038
0.825543
0.596163
0.820711
0.842314
0.748096
0.804318
0.747488
0.885697
0.720616
0.716438
0.690166
0.761823
0.683000
0.714476
0.647182
0.837764
0.769192
0.796474
0.775590
0.772675
0.578218
0.770263
0.759062
0.950547
0.801294
0.717257
0.753815
0.851542
0.767716
0.704659
0.634880
0.840792
0.865487
0.791169
0.701227
0.765916
0.581851
0.747552
0.850748
0.799088
0.758653
0.823814
0.797912
0.704453
0.709529
0.657800
0.618593
0.692359
0.740410
0.723192
0.745062
0.762747
0.867518
0.691223
0.620488
0.708083
0.693584
0.786452
0.695922
0.933832
0.637902
0.740360
0.579075
0.786068
0.927585
0.915869
0.730487
0.828242
0.704583
0.777515
0.679076
0.691142
0.806647
0.839557
0.561730
0.702498
0.730636
0.953993
0.727986
0.735927
0.712194
0.754357
0.799975
0.664026
0.941004
0.684958
0.754452
0.884678
0.754379
0.803998
0.774219
0.802116
0.930096
0.692282
0.815064
0.735200
0.696727
0.800322
0.923687
0.659978
0.858885
0.857680
0.693767
0.629303
0.504641
0.735217
0.821408
0.800525
0.679937
0.657125
0.759128
0.543467
0.805926
0.921384
0.870130
0.649170
0.769475
0.619327
0.670421
0.907464
0.663217
0.892500
0.700439
0.708313
0.601028
0.745679
0.740881
0.735004
0.693861
0.663160
0.831267
0.827142
0.822354
0.719939
0.890606
0.721459
0.569578
0.768402
0.757327
0.685386
0.909879
0.816762
0.727674
0.689637
0.712976
0.773163
0.635588
0.770711
0.773075
0.575067
0.876663
0.713974
0.844887
0.713330
0.652436
0.648310
0.841739
0.826797
0.894598
0.645741
0.856770
0.868790
0.668508
0.705698
0.758929
0.818097
0.931735
0.913006
0.609111
0.681544
0.771767
0.713886
0.687343
0.734794
0.831428
0.734308
0.587626
0.722887
0.799641
0.791661
0.707148
0.775727
0.670490
0.623459
0.670834
0.786015
0.725454
0.702726
0.527713
0.816325
0.770109
0.820521
0.702782
0.753913
0.750625
0.670053
0.622899
0.668715
0.827777
0.622763
0.943224
0.813599
0.754686
0.808555
0.652768
0.652999
0.819432
0.675399
0.745649
0.758376
0.588782
0.763203
0.948750
0.859982
0.677166
0.616989
0.672735
0.822589
0.811066
0.714722
0.680338
0.724653
0.667476
0.656065
0.822139
0.847750
0.659642
0.741274
0.806545
0.676170
0.740115
0.536860
0.790787
0.776910
0.727505
0.717407
0.858180
0.953156
0.817318
0.651797
0.784840
0.718869
0.750558
0.754262
0.840443
0.528984
0.610733
0.649514
0.825413
0.729693
0.732873
0.640363
0.805410
0.648852
0.677814
0.879951
0.753294
0.716505
0.546358
0.906041
0.728374
0.832663
0.673065
0.609848
0.816624
0.699690
0.554747
0.815212
0.818259
0.788703
0.710371
0.701918
0.655180
0.845342
0.649554
0.651584
0.666549
0.788663
0.594182
0.632433
0.865519
0.603820
0.668669
0.665910
0.605247
0.629954
0.781424
0.902264
0.776272
0.699256
0.766755
0.888160
0.632315
0.941836
0.779750
0.737322
0.645876
0.871110
0.906095
0.748430
0.873942
0.825824
0.823098
0.561132
0.801209
0.861063
0.624610
0.751454
0.713499
0.892296
0.814581
0.651728
0.616654
0.891808
0.716161
1.001102
0.705573
0.685137
0.745969
0.701306
0.899269
0.633380
0.827152
0.816364
0.789481
0.860750
0.623063
0.629829
0.721830
0.736938
0.709879
0.674550
0.721952
0.643404
0.785766
0.716658
0.701451
0.792877
0.772937
0.591861
0.682201
0.630261
0.913829
0.637192
0.694847
0.656246
0.666785
0.738810
0.487081
0.840976
0.695032
0.770743
0.752604
0.619477
0.713037
0.820589
0.766613
0.668147
0.663903
0.651746
0.665146
0.873607
0.762095
0.726783
0.631063
0.730766
0.654312
0.650061
0.633998
0.589006
0.818816
0.712163
0.732975
0.741745
0.635141
0.805920
0.823639
0.686682
0.763558
0.605889
0.594939
0.786947
0.748575
0.787801
0.605612
0.666596
0.728371
0.720993
0.794915
0.682474
0.643128
0.603988
0.719706
0.637021
0.756370
0.671513
0.731924
0.608016
0.689434
0.678434
0.849347
0.619168
0.576494
0.545067
0.824435
0.713537
0.886191
0.709999
0.760214
0.685681
0.768688
0.672808
0.626396
0.619521
0.598598
0.734196
0.846638
0.638197
0.637563
0.599426
0.708606
0.654673
0.744120
0.706632
0.622732
0.751269
0.877214
0.665297
0.637053
0.788801
0.630818
0.704285
0.427516
0.729483
0.701805
0.790624
0.710790
0.708389
0.753596
0.540674
0.609371
0.609311
0.681313
0.664619
0.872392
0.819540
0.741098
0.746407
0.726460
0.776106
0.639053
0.696630
0.784657
0.597619
0.771471
0.677358
0.607011
0.731956
0.776182
0.744962
0.692972
0.697480
0.584462
0.788352
0.821889
0.606248
0.503344
0.607946
0.711165
0.571831
0.655099
0.595074
0.796954
0.549644
0.887645
0.658623
0.727002
0.609813
0.676341
0.588927
0.511033
0.606627
0.705038
0.720156
0.567517
0.844054
0.713903
0.605741
0.735173
0.596560
0.779630
0.903972
0.693604
0.729960
0.574245
0.652439
0.762032
0.701959
0.750199
0.741037
0.751819
0.750925
0.614970
0.660358
0.728918
0.809324
0.621124
0.513055
0.589579
0.616933
0.524723
0.663269
0.633628
0.605499
0.716244
0.744265
0.841839
0.697058
0.499325
0.626179
0.863950
0.778848
0.673959
0.691536
0.737723
0.729722
0.525205
0.717089
0.598915
0.642113
0.706572
0.705549
0.710386
0.667662
0.688388
0.696254
0.714663
0.723296
0.720030
0.753467
0.732573
0.564506
0.635668
0.748701
0.684667
0.771911
0.651445
0.675767
0.578051
0.623194
0.716288
0.598560
0.745511
0.610986
0.662876
0.721665
0.751095
0.658709
0.722762
0.731580
0.767305
0.844386
0.907443
0.636468
0.685211
0.802680
0.670408
0.790287
0.769751
0.774427
0.650011
0.754497
0.787146
0.794003
0.726000
0.615694
0.716841
0.721156
0.631365
0.755419
0.513286
0.658269
0.596175
0.647585
0.798968
0.628976
0.810316
0.844212
0.724335
0.771025
0.581205
0.725861
0.588895
0.560637
0.781061
0.687218
0.703699
0.801459
0.879852
0.688370
0.918796
0.697347
0.775707
0.605515
0.558105
0.630727
0.577340
0.692341
0.659431
0.791064
0.671070
0.709014
0.818970
0.708689
0.615051
0.615927
0.707879
0.683570
0.608469
0.579831
0.598297
0.699639
0.787076
0.572058
0.623993
0.771441
0.546375
0.588552
0.662017
0.677619
0.578176
0.631260
0.857728
0.770693
0.801790
0.696260
0.615923
0.925386
0.712850
0.623973
0.569156
0.810964
0.673084
0.741002
0.663418
0.637060
0.787362
0.675586
0.737763
0.634650
0.703639
0.698488
0.698037
0.722469
0.671110
0.764986
0.742635
0.690459
0.596819
0.673661
0.598491
0.608216
0.728912
0.768382
0.714616
0.721766
0.781132
0.736104
0.675826
0.897624
0.819502
0.663958
0.965354
0.617116
0.706000
0.595220
0.593923
0.801513
0.666071
0.633271
0.797981
0.796915
0.754858
0.737023
0.540238
0.672139
0.551718
0.620661
0.693149
0.688497
0.637113
0.692406
0.775465
0.693759
0.613238
0.630847
0.579320
0.920361
0.791116
0.664564
0.607014
0.692466
0.745673
0.595961
0.748835
0.503020
0.674195
0.773639
0.664613
0.511316
0.614934
0.673520
0.827048
0.726107
0.616670
0.643210
0.491745
0.705894
0.661515
0.661921
0.787508
0.642609
0.747373
0.636860
0.701997
0.779824
0.674392
0.647812
0.524663
0.620285
0.633354
0.661278
0.611775
0.767675
0.642253
0.758471
0.768364
0.677023
0.705338
0.705566
0.684811
0.498658
0.651165
0.600746
0.604119
0.678451
0.648907
0.621910
0.864213
0.692705
0.700888
0.633364
0.729330
0.614447
0.786413
0.680624
0.595367
0.702397
0.671500
0.601404
0.660453
0.614972
0.612696
0.758460
0.649236
0.655708
0.793978
0.606514
0.730930
0.652553
0.653858
0.628924
0.656197
0.702441
0.699183
0.652478
0.568007
0.581614
0.695215
0.654506
0.527750
0.524016
0.563354
0.608488
0.896222
0.738246
0.615914
0.743303
0.651522
0.710898
0.543998
0.644246
0.688599
0.570915
0.841536
0.650754
0.680935
0.661040
0.580695
0.618356
0.606418
0.670573
0.474419
0.633698
0.711917
0.621627
0.656876
0.725959
0.685982
0.685401
0.708600
0.684412
0.714873
0.660056
0.491316
0.546565
0.662287
0.736409
0.681847
0.569821
0.535581
0.567645
0.661111
0.719325
0.593646
0.595860
0.486180
0.810962
0.611710
0.800455
0.506156
0.679232
0.701595
0.770391
0.692978
0.834946
0.498954
0.609412
0.763409
0.768195
0.608938
0.703773
0.660947
0.700733
0.788795
0.589401
0.779641
0.589960
0.646597
0.776294
0.567932
0.585363
0.596245
0.693364
0.631394
0.658740
0.514023
0.735218
0.664383
0.600926
0.541112
0.520816
0.655618
0.674194
0.563344
0.548238
0.482678
0.576291
0.704249
0.634836
0.724934
0.754832
0.737768
0.719594
0.613791
0.687624
0.757104
0.600429
0.540706
0.650492
0.552536
0.616494
0.652670
0.468678
0.607385
0.704269
0.588713
0.636174
0.775663
0.629528
0.662735
0.611901
0.872980
0.676805
0.709687
0.723587
0.499317
0.646799
0.671229
0.743106
0.755181
0.745851
0.756254
0.682838
0.782661
0.574488
0.584506
0.633097
0.620136
0.745102
0.735667
0.676095
0.664933
0.683539
0.586437
0.590258
0.765345
0.630767
0.545114
0.546633
0.774205
0.537837
0.813389
0.721568
0.629457
0.623183
0.727487
0.571296
0.939985
0.822989
0.601226
0.571634
0.665484
0.723907
0.531282
0.861588
0.702954
0.642330
0.685586
0.547731
0.577301
0.704152
0.644172
0.551147
0.707563
0.754944
0.660081
0.648112
0.736900
0.673522
0.547384
0.822427
0.595429
0.449091
0.577956
0.579359
0.538937
0.613613
0.650368
0.728964
0.610386
0.576757
0.678607
0.676552
0.818903
0.592998
0.660916
0.623185
0.738857
0.544645
0.609767
0.690520
0.660206
0.716217
0.410240
0.624178
0.713822
0.773800
0.725169
0.469454
0.634911
0.718604
0.611201
0.542559
0.687236
0.849843
0.807113
0.565166
0.736037
0.624871
0.657625
0.680387
0.489392
0.698938
0.777362
0.610085
0.676397
0.632540
0.663140
0.693725
0.637397
0.706010
0.754492
0.787220
0.721617
0.861124
0.569542
0.647716
0.631505
0.671460
0.610725
0.543273
0.569518
0.684352
0.610209
0.512556
0.633015
0.715883
0.573777
0.813031
0.707028
0.672649
0.771444
0.694399
0.714018
0.534242
0.786356
0.688086
0.597594
0.625596
0.797633
0.545041
0.604912
0.682537
0.548474
0.731273
0.758656
0.549711
0.676877
0.598907
0.657306
0.443747
0.656419
0.579977
0.505709
0.702378
0.689308
0.551720
0.681342
0.785782
0.713443
0.479490
0.712077
0.698100
0.607859
0.629645
0.687701
0.642523
0.721940
0.672946
0.637919
0.612687
0.600063
0.686173
0.631794
0.590014
0.669750
0.573962
0.723092
0.695517
0.547164
0.575836
0.692646
0.580521
0.637042
0.529025
0.597498
0.758160
0.589510
0.583450
0.698308
0.631210
0.581768
0.594552
0.604504
0.451171
0.688933
0.562230
0.566666
0.568025
0.649576
0.737001
0.646238
0.633477
0.650572
0.601100
0.633473
0.618857
0.611222
0.810660
0.689474
0.604675
0.658854
0.711801
0.610662
0.831662
0.737417
0.623690
0.669064
0.572419
0.656214
0.748762
0.624813
0.467178
0.594056
0.551233
0.636701
0.455701
0.589386
0.701359
0.492765
0.543056
0.518033
0.527613
0.467701
0.489489
0.480744
0.671726
0.535143
0.532848
0.687611
0.521697
0.568153
0.696195
0.603695
0.487927
0.727385
0.619537
0.632913
0.785158
0.510321
0.559737
0.749927
0.672110
0.477979
0.679216
0.546258
0.606940
0.589683
0.575696
0.796394
0.619774
0.567799
0.608819
0.588333
0.627635
0.636158
0.587980
0.798100
0.503302
0.576604
0.602216
0.609444
0.606919
0.523035
0.465200
0.579829
0.584492
0.621173
0.670802
0.781726
0.636177
0.649187
0.729416
0.588207
0.626845
0.795332
0.399766
0.682517
0.590375
0.593027
0.498134
0.642596
0.722177
0.849575
0.566180
0.619620
0.805666
0.608610
0.604449
0.638333
0.822508
0.753514
0.658933
0.504818
0.607682
0.482472
0.636251
0.806692
0.628425
0.562377
0.581102
0.717180
0.582455
0.629660
0.577257
0.482542
0.701812
0.771481
0.495325
0.610190
0.618540
0.601720
0.602104
0.635664
0.544580
0.583498
0.634433
0.601230
0.657270
0.534856
0.651074
0.599493
0.571422
0.582969
0.657550
0.743806
0.515240
0.628582
0.579799
0.642629
0.711466
0.781673
0.665998
0.749698
0.644589
0.600358
0.543755
0.632855
0.744187
0.563447
0.701481
0.621602
0.665640
0.568022
0.619322
0.598792
0.644429
0.602449
0.642497
0.467690
0.849624
0.507642
0.630177
0.618348
0.630338
0.509794
0.714630
0.578370
0.628144
0.605298
0.550655
0.685325
0.807044
0.678133
0.672874
0.678562
0.621287
0.496926
0.582885
0.506165
0.790475
0.543515
0.626604
0.734259
0.535681
0.647059
0.548921
0.506594
0.662934
0.657018
0.619862
0.649966
0.466385
0.671539
0.552755
0.606914
0.504146
0.551259
0.631512
0.653035
0.510551
0.623836
0.694093
0.646574
0.584186
0.531359
0.590630
0.566555
0.559791
0.693820
0.473298
0.670384
0.756731
0.795600
0.710572
0.674594
0.655789
0.759257
0.560119
0.676177
0.475795
0.532816
0.793819
0.653791
0.453924
0.579377
0.814798
0.674246
0.808806
0.558611
0.620363
0.579040
0.454832
0.609169
0.686418
0.743934
0.714001
0.657906
0.632596
0.480679
0.618141
0.613789
0.535712
0.570350
0.713132
0.673922
0.514271
0.540381
0.591195
0.482593
0.597461
0.501377
0.534597
0.766249
0.650992
0.426042
0.630466
0.555035
0.406951
0.650053
0.553471
0.542624
0.435451
0.605063
0.594274
0.702299
0.432911
0.744589
0.737784
0.546814
0.630755
0.609248
0.683246
0.619496
0.561154
0.554817
0.562286
0.521508
0.511081
0.551845
0.592902
0.512379
0.586341
0.606133
0.542312
0.586079
0.498708
0.629868
0.586181
0.484913
0.605334
0.540916
0.564711
0.511416
0.594461
0.629653
0.665628
0.674524
0.592827
0.481634
0.830523
0.551678
0.765437
0.588253
0.644613
0.704372
0.584375
0.643274
0.619059
0.604851
0.654498
0.573488
0.661009
0.548061
0.793411
0.672421
0.522698
0.443602
0.538807
0.554411
0.681149
0.666084
0.713554
0.688811
0.797871
0.661385
0.612574
0.667211
0.868382
0.724043
0.736068
0.775198
0.679031
0.801764
0.843548
0.730228
0.578371
0.840695
0.567225
0.576193
0.566039
0.628060
0.522836
0.560051
0.596627
0.527017
0.588586
0.746419
0.654733
0.495028
0.626617
0.554575
0.511295
0.766626
0.586718
0.723987
0.486934
0.572587
0.703958
0.601508
0.530835
0.625174
0.696587
0.484366
0.704171
0.620323
0.559747
0.566397
0.634330
0.688954
0.668331
0.615925
0.898000
0.563928
0.574363
0.526263
0.548610
0.572501
0.727836
0.676818
0.587582
0.793053
0.556057
0.790728
0.602153
0.727837
0.507470
0.575908
0.594251
0.618213
0.569603
0.599965
0.690039
0.517387
0.580798
0.567247
0.621987
0.584453
0.572426
0.555723
0.617792
0.606406
0.802161
0.593054
0.635386
0.565335
0.506905
0.434399
0.654517
0.690738
0.591805
0.495863
0.431081
0.598526
0.468660
0.578897
0.536693
0.750844
0.540152
0.529175
0.536249
0.694563
0.700431
0.692366
0.672518
0.746505
0.696868
0.616207
0.628805
0.606412
0.676454
0.514887
0.717174
0.612078
0.531247
0.608772
0.574849
0.455011
0.544056
0.635186
0.595473
0.613166
0.556485
0.812019
0.604883
0.661281
0.677613
0.448071
0.570899
0.508486
0.579993
0.790127
0.626262
0.608364
0.521971
0.586786
0.564835
0.585905
0.687520
0.582519
0.550554
0.611840
0.632430
0.643125
0.629172
0.643356
0.496775
0.616985
0.573325
0.510870
0.564247
0.638342
0.637619
0.631179
0.581123
0.560244
0.547964
0.587879
0.537129
0.510759
0.586474
0.619658
0.616848
0.589442
0.597649
0.626295
0.559782
0.631203
0.550610
0.668314
0.568679
0.475375
0.712684
0.532834
0.810602
0.501718
0.692655
0.637727
0.594623
0.559915
0.622759
0.529462
0.484321
0.723867
0.540866
0.664806
0.676045
0.578994
0.593808
0.570984
0.605936
0.691715
0.694920
0.565974
0.577920
0.687262
0.603761
0.601443
0.463138
0.612292
0.544265
0.563317
0.532152
0.480606
0.445523
0.657433
0.520983
0.619180
0.538921
0.487069
0.645389
0.409867
0.564978
0.507194
0.560651
0.535873
0.526467
0.583738
0.619378
0.582973
0.553564
0.570321
0.629709
0.529883
0.483621
0.505385
0.592370
0.466470
0.547094
0.580651
0.550697
0.694968
0.609152
0.604807
0.703831
0.640008
0.428246
0.539048
0.607223
0.573309
0.583692
0.654226
0.488638
0.658804
0.727846
0.649499
0.664596
0.485656
0.544286
0.580917
0.484726
0.489464
0.637988
0.540471
0.517539
0.479305
0.505473
0.494144
0.620834
0.668086
0.646195
0.422954
0.517809
0.700889
0.568045
0.483017
0.536884
0.608594
0.719947
0.601074
0.684242
0.780206
0.518178
0.607250
0.481682
0.572108
0.456021
0.552350
0.493270
0.562564
0.609994
0.632860
0.561810
0.666024
0.593111
0.595838
0.577632
0.547831
0.583845
0.593674
0.485107
0.513534
0.591581
0.513714
0.525003
0.589068
0.666147
0.638153
0.468778
0.586198
0.453387
0.575945
0.682292
0.619915
0.548571
0.615560
0.599677
0.724491
0.638312
0.517224
0.564287
0.792946
0.594855
0.662007
0.542093
0.649793
0.677915
0.607028
0.593935
0.637262
0.520556
0.545899
0.529131
0.617470
0.525726
0.731282
0.525696
0.559375
0.538699
0.559029
0.530109
0.472335
0.571315
0.543735
0.650086
0.578724
0.485275
0.528597
0.637341
0.455961
0.527539
0.433716
0.693087
0.530189
0.558005
0.457409
0.832031
0.500904
0.828257
0.488958
0.520856
0.425172
0.586553
0.438261
0.494944
0.538651
0.522678
0.531423
0.609250
0.688298
0.627042
0.544876
0.648267
0.583291
0.567790
0.463535
0.509528
0.482328
0.530993
0.534813
0.551418
0.824836
0.540241
0.491286
0.650035
0.564324
0.621776
0.509640
0.552146
0.505828
0.531468
0.585982
0.600820
0.500510
0.656575
0.673646
0.643921
0.503280
0.567604
0.560614
0.552312
0.589065
0.644784
0.606024
0.453860
0.529015
0.731956
0.802670
0.573000
0.675882
0.655544
0.570789
0.567918
0.602738
0.613933
0.615025
0.545839
0.636082
0.589640
0.519692
0.669410
0.577771
0.592238
0.567365
0.589404
0.730953
0.472799
0.576345
0.446004
0.492811
0.551548
0.529497
0.623135
0.723734
0.575616
0.711383
0.519109
0.560673
0.601742
0.664456
0.596998
0.703794
0.433486
0.588159
0.562930
0.426769
0.541093
0.714766
0.708630
0.411448
0.535585
0.537945
0.639140
0.566769
0.715089
0.490437
0.583036
0.456504
0.631970
0.594940
0.581555
0.463773
0.477568
0.630434
0.429277
0.677576
0.420641
0.384697
0.626331
0.588952
0.560371
0.588562
0.548937
0.573845
0.566441
0.656067
0.553067
0.662364
0.508750
0.544191
0.536200
0.571004
0.543652
0.456615
0.584924
0.667638
0.611290
0.537931
0.455839
0.462507
0.574556
0.464571
0.560025
0.369465
0.497389
0.571752
0.475215
0.510997
0.628807
0.540801
0.529142
0.588524
0.547553
0.450849
0.649975
0.486856
0.589075
0.839524
0.490725
0.579159
0.557919
0.553563
0.565630
0.496733
0.606118
0.533386
0.497086
0.616486
0.660909
0.395248
0.460918
0.509638
0.665223
0.458211
0.560304
0.437636
0.525076
0.426688
0.383760
0.624482
0.666959
0.492195
0.509115
0.591300
0.529367
0.535000
0.492305
0.478541
0.510772
0.685130
0.599265
0.495490
0.460462
0.536651
0.570069
0.629601
0.484953
0.529131
0.377952
0.473252
0.486930
0.528986
0.490650
0.536138
0.551174
0.476880
0.502208
0.584954
0.551997
0.531254
0.658676
0.621537
0.534626
0.604721
0.533469
0.489327
0.638474
0.622550
0.607771
0.677374
0.482217
0.431254
0.519392
0.722267
0.605391
0.583578
0.476285
0.614599
0.534793
0.496811
0.543647
0.420868
0.690342
0.451600
0.671073
0.464931
0.496138
0.555095
0.474565
0.624994
0.613219
0.500728
0.598830
0.470344
0.606807
0.644217
0.498032
0.606139
0.556632
0.359259
0.521256
0.381084
0.571660
0.691625
0.614177
0.483579
0.426707
0.555833
0.667828
0.461474
0.448604
0.487592
0.414471
0.474231
0.642860
0.573232
0.507317
0.588614
0.478192
0.587806
0.437393
0.636770
0.538919
0.528404
0.519220
0.607894
0.649408
0.462417
0.485155
0.501325
0.578397
0.415146
0.444571
0.563045
0.606415
0.618092
0.543102
0.572667
0.480414
0.491650
0.545434
0.541044
0.490449
0.489626
0.518927
0.578043
0.539741
0.585918
0.539997
0.603340
0.464301
0.572255
0.486826
0.506307
0.774808
0.655414
0.568147
0.517465
0.459446
0.636042
0.507723
0.574207
0.451293
0.435100
0.553949
0.556735
0.495681
0.482597
0.423575
0.528685
0.465053
0.489142
0.603851
0.462535
0.351102
0.526147
0.553081
0.385340
0.476247
0.342079
0.508420
0.624650
0.535238
0.537724
0.608552
0.511184
0.498188
0.478996
0.504165
0.571580
0.595342
0.728433
0.390299
0.590282
0.481033
0.436826
0.464835
0.565497
0.435167
0.407256
0.463511
0.418867
0.409537
0.513582
0.490463
0.464041
0.567564
0.435465
0.448377
0.629284
0.741062
0.623207
0.490391
0.571894
0.523734
0.680404
0.607668
0.540419
0.516028
0.469372
0.544494
0.572684
0.615478
0.493921
0.544106
0.574295
0.724127
0.415495
0.554023
0.561672
0.584262
0.355897
0.491470
0.574182
0.502118
0.582492
0.691441
0.565268
0.590731
0.636938
0.586003
0.604440
0.555507
0.536095
0.564171
0.544365
0.476570
0.349080
0.682778
0.442022
0.537054
0.478748
0.748259
0.576702
0.617627
0.501256
0.544958
0.513002
0.518925
0.650671
0.659976
0.660943
0.467164
0.370662
0.573448
0.609119
0.546625
0.476053
0.589762
0.468250
0.454357
0.610238
0.520704
0.737054
0.634078
0.461619
0.456016
0.794893
0.497515
0.593327
0.563154
0.556863
0.614390
0.648003
0.632589
0.542534
0.582676
0.529571
0.516348
0.443812
0.624087
0.417011
0.542416
0.503507
0.578330
0.500308
0.630158
0.612552
0.388040
0.717106
0.449372
0.598525
0.710817
0.574642
0.654954
0.341384
0.562088
0.551445
0.412839
0.710859
0.657631
0.554006
0.528358
0.501244
0.492146
0.682759
0.383546
0.550832
0.619964
0.602463
0.668259
0.473792
0.545854
0.439728
0.482773
0.562734
0.615168
0.499968
0.504316
0.531488
0.512624
0.607475
0.528550
0.322300
0.449213
0.506653
0.535955
0.506136
0.485481
0.500280
0.444331
0.552250
0.477641
0.694988
0.497440
0.679741
0.568643
0.533785
0.569485
0.625992
0.390454
0.468050
0.666702
0.582887
0.427673
0.581398
0.440903
0.604639
0.551772
0.507367
0.574840
0.638403
0.575811
0.714806
0.456721
0.398531
0.735777
0.557570
0.500398
0.660728
0.573848
0.459432
0.561295
0.494745
0.722053
0.428516
0.559511
0.535744
0.518717
0.515935
0.490706
0.495315
0.620096
0.471132
0.464759
0.490144
0.719341
0.516098
0.573532
0.513272
0.318976
0.443129
0.430609
0.497821
0.532692
0.524546
0.558472
0.489703
0.502067
0.570396
0.518467
0.460347
0.523347
0.463121
0.561303
0.541759
0.494419
0.489496
0.588368
0.451648
0.500361
0.435736
0.473675
0.428319
0.358774
0.507111
0.514530
0.469364
0.432842
0.526544
0.319455
0.536865
0.426012
0.477026
0.649625
0.514377
0.452756
0.510505
0.617449
0.569059
0.558999
0.500954
0.544029
0.509477
0.461876
0.469422
0.347018
0.539017
0.746588
0.492356
0.552205
0.571614
0.625610
0.427579
0.634532
0.457274
0.420022
0.491752
0.677448
0.526461
0.481803
0.554009
0.492392
0.617206
0.450572
0.478562
0.596882
0.473657
0.590095
0.617528
0.485161
0.626789
0.443600
0.458530
0.464687
0.295861
0.498315
0.538894
0.646786
0.636083
0.539073
0.436507
0.479202
0.513068
0.485450
0.446336
0.529839
0.429074
0.691952
0.413956
0.490349
0.439081
0.565448
0.731799
0.680512
0.557311
0.609515
0.587087
0.494076
0.384305
0.511509
0.463985
0.532317
0.442877
0.605687
0.527806
0.513899
0.458862
0.461665
0.651063
0.502281
0.446099
0.420094
0.456497
0.496248
0.539907
0.420717
0.399124
0.673147
0.425552
0.565371
0.581959
0.462527
0.531891
0.526212
0.553564
0.548624
0.423990
0.481438
0.604438
0.646555
0.644800
0.519192
0.536050
0.565268
0.522628
0.437704
0.460343
0.469690
0.595370
0.594127
0.432165
0.464901
0.575254
0.391641
0.523046
0.530015
0.380492
0.433476
0.559371
0.560590
0.669707
0.566796
0.532327
0.442030
0.553032
0.634362
0.570421
0.499037
0.561281
0.479228
0.500741
0.538545
0.492673
0.484140
0.494636
0.590642
0.582526
0.506193
0.487137
0.524998
0.455951
0.614295
0.344566
0.534090
0.493316
0.432682
0.408958
0.516111
0.504802
0.630061
0.499498
0.484502
0.487386
0.588814
0.474901
0.568624
0.287811
0.707287
0.607865
0.563052
0.350040
0.485302
0.473065
0.528820
0.483030
0.509638
0.417488
0.494032
0.454039
0.369464
0.577122
0.542770
0.447942
0.493547
0.503890
0.556642
0.594171
0.584948
0.745962
0.671276
0.413109
0.528164
0.533286
0.601563
0.489593
0.399243
0.509924
0.609809
0.542074
0.625753
0.560321
0.321936
0.489137
0.500084
0.411909
0.568794
0.418429
0.588508
0.521088
0.555008
0.600953
0.468161
0.462685
0.409910
0.487877
0.598111
0.343151
0.603741
0.561588
0.319568
0.411808
0.516752
0.515433
0.492760
0.568351
0.421687
0.360794
0.475622
0.530068
0.618664
0.489402
0.483859
0.545625
0.533928
0.511690
0.483847
0.478250
0.508831
0.427322
0.686621
0.621965
0.475006
0.567936
0.620879
0.355359
0.705233
0.531157
0.402753
0.612988
0.456439
0.642210
0.569692
0.591393
0.593583
0.565223
0.471071
0.486288
0.658454
0.539943
0.596744
0.499206
0.423613
0.465963
0.692463
0.608349
0.481929
0.505265
0.465500
0.591252
0.511454
0.406188
0.509438
0.466099
0.497917
0.501808
0.508389
0.570868
0.489855
0.466818
0.567732
0.439806
0.501771
0.648464
0.521996
0.561209
0.514807
0.382018
0.557403
0.408821
0.615270
0.565036
0.451492
0.537800
0.538556
0.470175
0.460506
0.358318
0.471968
0.466962
0.480177
0.592122
0.718793
0.478127
0.585081
0.389700
0.508961
0.428688
0.619706
0.535564
0.467965
0.460855
0.379966
0.652338
0.449298
0.475728
0.504908
0.439524
0.472930
0.468883
0.388190
0.423246
0.446253
0.453755
0.496858
0.670934
0.375635
0.605667
0.634468
0.409622
0.598086
0.376934
0.482888
0.615647
0.498116
0.574983
0.547901
0.465608
0.519796
0.561965
0.582025
0.533808
0.559559
0.416478
0.820269
0.469917
0.509723
0.470691
0.521200
0.466664
0.468915
0.552835
0.515932
0.441745
0.418044
0.560124
0.563140
0.473174
0.448405
0.558428
0.581824
0.549435
0.473844
0.595802
0.437551
0.620808
0.358547
0.456747
0.637494
0.421417
0.421680
0.439391
0.464676
0.509833
0.452863
0.511930
0.485409
0.428458
0.450708
0.336965
0.366932
0.581698
0.439811
0.523976
0.471786
0.477118
0.403537
0.444449
0.549857
0.426932
0.573961
0.389999
0.302748
0.433149
0.553159
0.432305
0.624625
0.467084
0.579085
0.441792
0.502912
0.415965
0.525867
0.551085
0.669293
0.443418
0.618050
0.454093
0.447200
0.479484
0.505785
0.422786
0.413851
0.355066
0.532934
0.353693
0.440798
0.301078
0.698353
0.442502
0.541800
0.384378
0.615764
0.505623
0.453301
0.331305
0.577803
0.537993
0.470213
0.589280
0.555459
0.584879
0.568068
0.633856
0.385818
0.512953
0.521306
0.468291
0.605402
0.572773
0.401101
0.599447
0.433251
0.431636
0.457361
0.293774
0.458277
0.347561
0.464585
0.455677
0.549226
0.401029
0.389756
0.548852
0.447010
0.541769
0.602508
0.418058
0.502687
0.568514
0.449135
0.547620
0.598573
0.357368
0.544261
0.438412
0.561589
0.584009
0.553862
0.616113
0.545836
0.543756
0.502934
0.498844
0.583943
0.471893
0.618121
0.601192
0.501072
0.518568
0.419398
0.595097
0.413399
0.439363
0.518573
0.399282
0.476667
0.541504
0.591283
0.325562
0.561115
0.477787
0.482512
0.529514
0.466620
0.456061
0.421338
0.491515
0.394749
0.552243
0.452933
0.530340
0.588236
0.548491
0.729613
0.502553
0.613156
0.446945
0.460600
0.590514
0.343293
0.410322
0.454102
0.480168
0.418753
0.442592
0.388037
0.449451
0.536421
0.455408
0.478013
0.472576
0.448159
0.572162
0.596918
0.396186
0.472472
0.405635
0.439743
0.505729
0.473445
0.474183
0.452031
0.450685
0.458814
0.519200
0.465085
0.373883
0.314780
0.598063
0.409776
0.486420
0.351372
0.481535
0.497794
0.648232
0.593678
0.419257
0.707452
0.604280
0.530354
0.565281
0.489295
0.621223
0.423265
0.463298
0.506188
0.490635
0.537076
0.383298
0.501366
0.421638
0.331503
0.439443
0.581124
0.573254
0.446895
0.270856
0.491217
0.467897
0.505588
0.408697
0.409175
0.427607
0.528853
0.403037
0.505842
0.424082
0.450955
0.560165
0.555366
0.540512
0.626344
0.456139
0.401573
0.620614
0.384094
0.480719
0.376505
0.503267
0.529831
0.438826
0.497577
0.638437
0.400146
0.443350
0.585796
0.484612
0.532600
0.391652
0.446153
0.442622
0.487744
0.432945
0.603315
0.502867
0.580629
0.640360
0.551062
0.401446
0.378543
0.576684
0.521340
0.471287
0.430484
0.380472
0.410660
0.543197
0.577307
0.569682
0.540200
0.484872
0.613242
0.525842
0.305159
0.481034
0.467532
0.426624
0.577200
0.611226
0.546795
0.669631
0.539147
0.520742
0.436801
0.434055
0.645625
0.564660
0.750825
0.523937
0.555305
0.449732
0.395570
0.462105
0.476258
0.529901
0.563184
0.490125
0.417783
0.467645
0.606308
0.515436
0.478682
0.461487
0.357715
0.552033
0.387211
0.366743
0.668033
0.468105
0.493394
0.430957
0.415821
0.461180
0.439976
0.483190
0.497382
0.538167
0.522349
0.438331
0.444612
0.480711
0.509984
0.305882
0.559043
0.436841
0.430340
0.472246
0.436448
0.405373
0.568004
0.507358
0.485515
0.383691
0.366225
0.343810
0.351448
0.461653
0.456891
0.479608
0.441121
0.476330
0.582264
0.434019
0.526159
0.589942
0.336628
0.447200
0.461027
0.620111
0.618188
0.526478
0.547976
0.645667
0.457218
0.400738
0.488513
0.673069
0.652098
0.585520
0.559513
0.419582
0.550679
0.446971
0.555737
0.531498
0.478796
0.380810
0.400824
0.555895
0.697493
0.533703
0.496966
0.459483
0.435111
0.501354
0.625793
0.527625
0.434698
0.431789
0.630710
0.490550
0.447057
0.484732
0.418245
0.678676
0.511523
0.518576
0.572266
0.474906
0.537421
0.487367
0.462759
0.598224
0.463569
0.459746
0.368302
0.590205
0.437372
0.553335
0.558077
0.473088
0.508933
0.566914
0.616334
0.493549
0.543791
0.452669
0.374220
0.430655
0.424051
0.457093
0.441040
0.363526
0.328202
0.269885
0.597335
0.414525
0.487732
0.344438
0.445893
0.343687
0.435362
0.272037
0.397827
0.452045
0.374519
0.641885
0.322565
0.446671
0.599135
0.537089
0.415146
0.445468
0.475233
0.374450
0.339946
0.448299
0.430932
0.386554
0.483382
0.485677
0.450103
0.459490
0.448269
0.473462
0.498123
0.513478
0.550699
0.485462
0.457992
0.438922
0.467360
0.467844
0.419736
0.434388
0.568768
0.543349
0.473683
0.388965
0.327679
0.300313
0.415268
0.449457
0.472593
0.386806
0.493854
0.447476
0.510092
0.475091
0.476169
0.560118
0.488714
0.465499
0.430549
0.514724
0.546627
0.604232
0.385342
0.355970
0.313076
0.489014
0.471910
0.458281
0.363699
0.398142
0.464036
0.203212
0.451618
0.543306
0.503083
0.548091
0.404788
0.344323
0.345078
0.490945
0.395324
0.449687
0.396437
0.499448
0.502391
0.477162
0.554443
0.459732
0.333991
0.415991
0.623569
0.508724
0.440708
0.428310
0.476892
0.406236
0.418073
0.379190
0.503999
0.254064
0.386840
0.440453
0.425131
0.558001
0.508382
0.720430
0.405684
0.427892
0.453449
0.516402
0.333687
0.478669
0.461854
0.598250
0.351293
0.440006
0.478842
0.455436
0.472234
0.471183
0.491043
0.567858
0.471318
0.434627
0.454445
0.537131
0.554432
0.400865
0.443300
0.582364
0.528253
0.488539
0.441650
0.366160
0.560206
0.410746
0.440872
0.500228
0.462822
0.423121
0.503568
0.437633
0.453435
0.376031
0.524458
0.563285
0.446949
0.480267
0.490012
0.555030
0.392604
0.318956
0.546897
0.351521
0.463803
0.535973
0.538759
0.373738
0.442644
0.358883
0.507052
0.320516
0.401463
0.477826
0.458920
0.431437
0.506438
0.474308
0.471947
0.355678
0.496904
0.472117
0.418402
0.467873
0.540174
0.483742
0.391720
0.542488
0.381665
0.555027
0.452716
0.523645
0.301762
0.451292
0.448054
0.468539
0.500411
0.468718
0.383976
0.427101
0.505684
0.532086
0.353309
0.375634
0.528832
0.421286
0.478285
0.317132
0.461147
0.468225
0.406641
0.546967
0.537833
0.445264
0.424067
0.511249
0.353420
0.442285
0.423437
0.295490
0.557165
0.488861
0.442744
0.398383
0.545063
0.579105
0.473155
0.512800
0.422252
0.356237
0.651840
0.391836
0.475249
0.524155
0.428582
0.570026
0.411285
0.531216
0.422746
0.559751
0.514383
0.526363
0.554339
0.344270
0.383269
0.286196
0.513501
0.416619
0.387235
0.613378
0.545043
0.421344
0.500044
0.589168
0.551944
0.460792
0.467101
0.397115
0.435198
0.433793
0.589875
0.530261
0.412634
0.418339
0.497314
0.397135
0.431276
0.577829
0.529759
0.484623
0.509728
0.489156
0.421849
0.433020
0.443070
0.588874
0.449599
0.402887
0.387085
0.500764
0.510668
0.412350
0.303382
0.476587
0.521842
0.537172
0.598726
0.573277
0.387571
0.577432
0.467908
0.457717
0.344487
0.396711
0.551037
0.439907
0.522704
0.587735
0.435316
0.416899
0.335571
0.566872
0.416729
0.538022
0.358809
0.417835
0.438821
0.620057
0.373992
0.316249
0.483438
0.524011
0.519975
0.437411
0.431925
0.376993
0.628894
0.459178
0.433312
0.457987
0.421832
0.387243
0.525895
0.564830
0.409583
0.479378
0.385451
0.485425
0.464148
0.526421
0.444874
0.487827
0.592214
0.433852
0.319440
0.542582
0.445176
0.534104
0.435978
0.524446
0.562886
0.506997
0.526632
0.409430
0.454907
0.506697
0.332473
0.476126
0.365357
0.466428
0.642941
0.433425
0.428057
0.493789
0.449928
0.460076
0.675485
0.407729
0.450641
0.379285
0.566817
0.504519
0.431907
0.540879
0.418999
0.468184
0.364551
0.560339
0.472167
0.454824
0.383411
0.387949
0.456712
0.545772
0.716482
0.484140
0.579475
0.428187
0.398305
0.499712
0.492228
0.533042
0.531430
0.404145
0.531096
0.420538
0.428805
0.571376
0.427220
0.493559
0.349927
0.389133
0.380193
0.415478
0.369761
0.416018
0.599635
0.493072
0.268182
0.361891
0.379786
0.465004
0.581163
0.307948
0.324105
0.473121
0.396513
0.419332
0.433429
0.329875
0.355777
0.428673
0.474585
0.513552
0.533314
0.323417
0.433094
0.341420
0.419713
0.369377
0.578451
0.347148
0.290146
0.421560
0.505083
0.400687
0.461475
0.470969
0.482985
0.414242
0.518361
0.362592
0.424287
0.312603
0.470167
0.418240
0.388452
0.361815
0.489350
0.421623
0.462455
0.412531
0.370692
0.473755
0.447409
0.451081
0.321974
0.441966
0.457873
0.590511
0.332416
0.439574
0.323905
0.383825
0.286977
0.326788
0.368008
0.499690
0.376229
0.472169
0.406314
0.340979
0.439788
0.418482
0.397107
0.377314
0.568719
0.384247
0.490222
0.411475
0.482000
0.403838
0.388538
0.351683
0.363293
0.376656
0.331767
0.376540
0.429717
0.416595
0.393281
0.426244
0.401583
0.415900
0.444483
0.625359
0.385546
0.364384
0.423874
0.544607
0.537030
0.494197
0.366129
0.595359
0.422818
0.501218
0.525690
0.619503
0.571017
0.554143
0.490856
0.370332
0.378214
0.487605
0.614918
0.529208
0.409742
0.244490
0.503399
0.478739
0.476720
0.474135
0.541375
0.371253
0.421133
0.347390
0.408846
0.434834
0.527828
0.377487
0.451964
0.535939
0.446267
0.477555
0.351420
0.550663
0.476190
0.460335
0.581395
0.412824
0.472107
0.423254
0.503872
0.517370
0.372705
0.375016
0.454357
0.466080
0.602966
0.320565
0.407637
0.543732
0.345157
0.419060
0.330385
0.494239
0.542969
0.355735
0.463750
0.480220
0.303864
0.358638
0.431671
0.435661
0.526766
0.475907
0.394567
0.467149
0.326845
0.314499
0.388745
0.594363
0.329499
0.484209
0.418100
0.482005
0.405103
0.474130
0.432017
0.461225
0.550816
0.447236
0.478157
0.476322
0.461076
0.435578
0.531945
0.539793
0.539963
0.510464
0.451591
0.559842
0.464561
0.356110
0.388327
0.393169
0.459260
0.460421
0.508518
0.401278
0.524556
0.431769
0.475134
0.372448
0.606334
0.439563
0.496650
0.442438
0.367188
0.384878
0.320727
0.403326
0.418956
0.398704
0.497186
0.276574
0.408822
0.337371
0.430900
0.523567
0.448929
0.358510
0.460772
0.321752
0.353784
0.501395
0.438084
0.415469
0.353346
0.486221
0.403619
0.651073
0.462981
0.424889
0.425811
0.468262
0.510330
0.554693
0.391351
0.490367
0.339091
0.318848
0.527393
0.466120
0.435793
0.467416
0.377698
0.469364
0.442562
0.590338
0.492901
0.353354
0.383887
0.374144
0.466076
0.457804
0.362146
0.583517
0.580162
0.421052
0.401415
0.439426
0.346548
0.295641
0.543519
0.384917
0.506140
0.357679
0.357683
0.390239
0.595618
0.489534
0.482948
0.445257
0.464683
0.585846
0.435220
0.462025
0.409301
0.399780
0.360812
0.411418
0.513782
0.445011
0.450511
0.448608
0.492097
0.517500
0.537485
0.410393
0.498182
0.403488
0.379831
0.456123
0.500379
0.349770
0.467340
0.477026
0.396689
0.387405
0.432106
0.370637
0.365372
0.572170
0.388735
0.393253
0.368416
0.453927
0.362775
0.472020
0.303407
0.468912
0.390939
0.248364
0.587782
0.459459
0.402367
0.500480
0.279764
0.528676
0.360315
0.495017
0.487898
0.394722
0.387034
0.408515
0.337427
0.502941
0.473815
0.397027
0.395836
0.318592
0.484811
0.366157
0.508789
0.413879
0.304153
0.245279
0.471027
0.364437
0.514305
0.274942
0.255154
0.468400
0.559521
0.415662
0.476726
0.512993
0.407651
0.440001
0.557677
0.491385
0.445066
0.335107
0.450487
0.393398
0.447340
0.478364
0.373227
0.476147
0.558210
0.428407
0.447076
0.474141
0.352714
0.379297
0.309456
0.448083
0.426133
0.430071
0.445194
0.583864
0.440614
0.377918
0.558366
0.352850
0.396259
0.476155
0.339151
0.298354
0.458829
0.406009
0.460554
0.357687
0.374529
0.442121
0.426170
0.455149
0.456185
0.548385
0.363858
0.354841
0.474954
0.417858
0.467295
0.283423
0.400714
0.425433
0.317858
0.280396
0.461142
0.408051
0.371991
0.494072
0.305958
0.337033
0.395060
0.371851
0.468395
0.426710
0.357073
0.344742
0.462883
0.459257
0.369519
0.332774
0.328343
0.326205
0.433199
0.440305
0.425887
0.453476
0.389195
0.249546
0.279305
0.287444
0.326919
0.293419
0.370109
0.393720
0.486735
0.457268
0.359297
0.387273
0.463934
0.356277
0.523511
0.407701
0.369407
0.403628
0.464140
0.482044
0.346034
0.453218
0.508191
0.453811
0.345023
0.276460
0.322617
0.403787
0.391755
0.316339
0.351752
0.393718
0.329202
0.281758
0.421991
0.339838
0.328092
0.548221
0.488737
0.345580
0.496466
0.332138
0.424581
0.320890
0.393248
0.275441
0.351479
0.340197
0.373916
0.418329
0.406289
0.468758
0.262409
0.528218
0.549367
0.417158
0.331039
0.343172
0.394740
0.460451
0.469666
0.400607
0.484680
0.366711
0.447961
0.483252
0.441776
0.422105
0.309405
0.470151
0.522909
0.348051
0.476295
0.321810
0.421856
0.386342
0.428407
0.462642
0.522451
0.464298
0.464757
0.309099
0.584246
0.423406
0.366383
0.429591
0.335493
0.506957
0.358223
0.327470
0.467220
0.372866
0.397424
0.415330
0.332097
0.405631
0.489317
0.415944
0.566726
0.392031
0.278615
0.464446
0.427345
0.500183
0.469047
0.418313
0.540560
0.299025
0.452709
0.387551
0.459455
0.488326
0.462432
0.412079
0.331616
0.427870
0.379734
0.525150
0.315092
0.457779
0.487267
0.379805
0.340931
0.381929
0.360549
0.365424
0.333510
0.392878
0.298952
0.511076
0.429325
0.320812
0.386485
0.291665
0.427898
0.467126
0.458998
0.372171
0.342458
0.356811
0.273536
0.484660
0.525341
0.478019
0.482607
0.371671
0.334862
0.417221
0.457140
0.461286
0.336159
0.286003
0.294366
0.449917
0.431822
0.259149
0.331660
0.369611
0.413204
0.510718
0.428701
0.292065
0.395265
0.377758
0.371149
0.546066
0.424961
0.336627
0.394787
0.496657
0.607822
0.348750
0.472946
0.431280
0.339732
0.371679
0.402466
0.423877
0.454427
0.319572
0.407613
0.440939
0.309349
0.416742
0.417188
0.418087
0.440177
0.436660
0.531869
0.543576
0.300250
0.379288
0.419712
0.437651
0.476724
0.413419
0.359524
0.403023
0.403908
0.299572
0.443399
0.527761
0.287727
0.422090
0.375627
0.407813
0.391567
0.433721
0.550506
0.478200
0.476383
0.451540
0.618274
0.389425
0.429269
0.301643
0.533085
0.394713
0.313400
0.472911
0.431569
0.397136
0.399647
0.423063
0.670548
0.579351
0.440683
0.516223
0.332517
0.432083
0.404794
0.375897
0.419987
0.399614
0.433949
0.370428
0.482115
0.426140
0.335353
0.422012
0.472526
0.491526
0.260115
0.408900
0.393815
0.485769
0.490144
0.417201
0.502801
0.454906
0.345764
0.433679
0.644030
0.429461
0.512051
0.521110
0.403472
0.481964
0.361335
0.368923
0.327107
0.330083
0.375013
0.493266
0.461080
0.517004
0.636890
0.474261
0.357011
0.486066
0.468163
0.515227
0.345351
0.380787
0.383686
0.475616
0.363953
0.538460
0.365145
0.451595
0.375812
0.462946
0.333559
0.440892
0.529787
0.313701
0.468527
0.389679
0.410586
0.474966
0.356347
0.320173
0.483989
0.316568
0.301332
0.492868
0.433807
0.301148
0.409025
0.400926
0.326435
0.290443
0.400736
0.335322
0.365237
0.513959
0.580455
0.416604
0.492569
0.287592
0.295996
0.444219
0.593758
0.604035
0.530947
0.380853
0.428053
0.406888
0.547498
0.516699
0.402538
0.360795
0.435335
0.465387
0.470794
0.313699
0.433951
0.510127
0.414089
0.417809
0.456308
0.449696
0.306481
0.319168
0.349615
0.301966
0.567924
0.355716
0.350986
0.352965
0.261780
0.545368
0.398014
0.323168
0.359343
0.420965
0.535759
0.629056
0.383900
0.358894
0.429683
0.384169
0.363470
0.390619
0.312363
0.331746
0.406668
0.419794
0.305764
0.355194
0.365508
0.376930
0.437141
0.336960
0.316207
0.400353
0.318188
0.359567
0.342826
0.398135
0.299810
0.519580
0.391483
0.370177
0.458219
0.308156
0.526918
0.392592
0.334790
0.500757
0.354536
0.406588
0.411990
0.369923
0.452742
0.304278
0.451676
0.399480
0.469171
0.318184
0.225156
0.328325
0.320454
0.554660
0.519738
0.429918
0.431023
0.445031
0.365379
0.333042
0.363282
0.449604
0.293576
0.409078
0.514385
0.321061
0.431693
0.481075
0.352706
0.312038
0.381935
0.368736
0.461181
0.349632
0.435928
0.391667
0.326757
0.409390
0.289187
0.404234
0.442335
0.342933
0.452694
0.236651
0.558429
0.490879
0.229570
0.292789
0.440177
0.326517
0.374072
0.524278
0.312812
0.312059
0.528953
0.549981
0.233740
0.376021
0.386938
0.425438
0.439010
0.379342
0.400892
0.425108
0.455540
0.524610
0.330230
0.356815
0.340705
0.381678
0.286419
0.445187
0.444418
0.487648
0.346449
0.316655
0.400092
0.355289
0.296580
0.500228
0.365836
0.323977
0.283172
0.422963
0.391953
0.402774
0.429253
0.289944
0.419958
0.468734
0.482269
0.345580
0.478970
0.385788
0.357300
0.581886
0.485495
0.319008
0.484282
0.383640
0.503103
0.422328
0.265204
0.351579
0.429975
0.425220
0.408414
0.401884
0.278104
0.341026
0.494748
0.268689
0.414306
0.385263
0.430164
0.316728
0.443405
0.353245
0.474788
0.486506
0.311214
0.374902
0.332100
0.633506
0.384664
0.405765
0.391073
0.415036
0.562685
0.456362
0.331277
0.386286
0.442653
0.334659
0.457235
0.345903
0.405300
0.408966
0.547722
0.374240
0.497228
0.479796
0.346807
0.428625
0.399065
0.422844
0.403431
0.421692
0.364631
0.345934
0.322564
0.287250
0.299416
0.348447
0.376652
0.276731
0.360211
0.329706
0.347903
0.330097
0.491110
0.449887
0.345737
0.371254
0.333398
0.365474
0.365852
0.432646
0.428754
0.440652
0.405223
0.319623
0.333639
0.380817
0.488376
0.505207
0.281768
0.366728
0.383555
0.327011
0.483900
0.348431
0.332018
0.480628
0.376090
0.443350
0.373513
0.455675
0.275727
0.452796
0.380208
0.324422
0.345229
0.461045
0.417079
0.420640
0.240176
0.337279
0.310902
0.398981
0.334020
0.311058
0.295747
0.467090
0.385166
0.350078
0.498560
0.467555
0.388439
0.312782
0.310031
0.395129
0.379491
0.394638
0.444839
0.366823
0.522795
0.462529
0.361398
0.450471
0.414600
0.392878
0.381457
0.338504
0.585269
0.377549
0.446017
0.473145
0.287410
0.378132
0.298220
0.338186
0.404351
0.641485
0.334900
0.491339
0.429966
0.317604
0.266394
0.399786
0.317157
0.381152
0.480992
0.448779
0.441434
0.314452
0.306665
0.397913
0.369138
0.340294
0.418913
0.385246
0.384822
0.427617
0.422115
0.387642
0.389321
0.143081
0.495411
0.380508
0.493193
0.353880
0.343303
0.464878
0.493330
0.283619
0.301019
0.380119
0.449067
0.456419
0.271411
0.313986
0.379270
0.456939
0.421371
0.304446
0.419040
0.417771
0.363039
0.461129
0.341247
0.296641
0.395483
0.414558
0.442243
0.466015
0.331974
0.334606
0.476889
0.376159
0.369525
0.515358
0.378945
0.398714
0.378733
0.376821
0.433487
0.343291
0.355348
0.476590
0.474816
0.392665
0.415362
0.467256
0.297607
0.424546
0.377635
0.352910
0.340288
0.434311
0.262281
0.395223
0.407101
0.340172
0.462765
0.343129
0.501765
0.508724
0.419390
0.384830
0.342857
0.385258
0.491376
0.429795
0.439025
0.320645
0.385656
0.583893
0.543806
0.333498
0.379670
0.413940
0.441591
0.446869
0.335105
0.296977
0.419382
0.441330
0.581058
0.365848
0.382759
0.471738
0.488598
0.313602
0.394251
0.356667
0.453692
0.480848
0.477094
0.312150
0.408095
0.375314
0.348336
0.306546
0.461359
0.402093
0.314347
0.450471
0.287416
0.328881
0.324781
0.436969
0.439784
0.236159
0.339309
0.400490
0.459355
0.286565
0.330459
0.489654
0.271973
0.354982
0.281294
0.335926
0.358912
0.490286
0.431223
0.321628
0.287929
0.305244
0.335364
0.450787
0.346973
0.331194
0.400282
0.336844
0.425662
0.327245
0.373387
0.321571
0.357908
0.297981
0.314384
0.351751
0.355784
0.367904
0.546683
0.363511
0.382745
0.324007
0.350440
0.408620
0.341725
0.357708
0.437424
0.439993
0.377900
0.325786
0.230952
0.421588
0.434605
0.312360
0.355246
0.238065
0.253449
0.504053
0.318705
0.286522
0.327503
0.291621
0.289206
0.422405
0.393012
0.423183
0.465190
0.305729
0.280011
0.460297
0.388118
0.437701
0.442684
0.278430
0.410331
0.384371
0.446886
0.414653
0.651096
0.221624
0.268943
0.357923
0.343595
0.394142
0.274171
0.456683
0.374693
0.462510
0.396345
0.326367
0.352863
0.294019
0.356844
0.391236
0.299246
0.292660
0.399745
0.311343
0.288793
0.348092
0.352672
0.406878
0.345431
0.343970
0.286622
0.337423
0.334595
0.269139
0.432820
0.301411
0.496474
0.205698
0.563095
0.412366
0.393035
0.256525
0.364599
0.372028
0.449345
0.418793
0.326978
0.371167
0.430624
0.348202
0.272017
0.233494
0.245841
0.379804
0.333675
0.532768
0.400547
0.366116
0.438639
0.425119
0.398719
0.420769
0.305370
0.442790
0.415591
0.389569
0.365620
0.432609
0.474748
0.387287
0.421546
0.456069
0.503119
0.298544
0.325119
0.414609
0.338552
0.467118
0.392233
0.370115
0.349630
0.362625
0.570706
0.422616
0.468864
0.393038
0.318071
0.367978
0.435941
0.448290
0.403869
0.356840
0.438371
0.418291
0.411957
0.341291
0.409667
0.394169
0.371190
0.261040
0.417464
0.439511
0.349244
0.245561
0.266246
0.427354
0.224730
0.488775
0.420518
0.261352
0.313129
0.365346
0.445865
0.313441
0.409189
0.208254
0.354018
0.340068
0.308821
0.352153
0.230861
0.436687
0.441914
0.325968
0.406169
0.256127
0.374495
0.422174
0.319511
0.299389
0.313690
0.339921
0.432455
0.559898
0.305317
0.303176
0.448907
0.449757
0.323769
0.384911
0.363486
0.451029
0.448135
0.406756
0.328791
0.381540
0.289432
0.480513
0.308972
0.310811
0.340604
0.452343
0.314273
0.331402
0.386210
0.406459
0.441315
0.389644
0.413358
0.462709
0.395453
0.334232
0.467151
0.542508
0.290212
0.304958
0.338046
0.301057
0.409450
0.425714
0.277612
0.466974
0.312097
0.291258
0.384536
0.434135
0.266771
0.289014
0.267356
0.506066
0.263859
0.365202
0.442927
0.454513
0.386849
0.239401
0.332706
0.338647
0.364939
0.274378
0.385654
0.329102
0.265484
0.241569
0.398103
0.374312
0.418926
0.321705
0.401574
0.336461
0.259878
0.392652
0.312450
0.323447
0.332637
0.445887
0.345463
0.384031
0.372244
0.302553
0.320092
0.365173
0.311760
0.314851
0.430142
0.477704
0.275034
0.304849
0.363584
0.388380
0.397438
0.304312
0.438620
0.344251
0.346602
0.298949
0.493172
0.293437
0.421145
0.439129
0.449738
0.325343
0.358462
0.398140
0.276414
0.365141
0.562354
0.297507
0.321725
0.470270
0.392691
0.333702
0.318537
0.364092
0.305446
0.372561
0.379809
0.328863
0.628771
0.379192
0.307825
0.309602
0.339518
0.387901
0.383353
0.436426
0.489240
0.537349
0.275340
0.275278
0.355652
0.443147
0.332362
0.389870
0.340911
0.434844
0.396969
0.395110
0.341809
0.269280
0.486645
0.433246
0.375138
0.562021
0.314969
0.328097
0.466423
0.401520
0.278548
0.430343
0.368388
0.398147
0.441857
0.427703
0.386778
0.342947
0.453993
0.413545
0.311374
0.408611
0.327804
0.314536
0.412282
0.320397
0.261408
0.484416
0.415973
0.258198
0.358974
0.351927
0.323345
0.361137
0.405010
0.362724
0.332249
0.598914
0.242332
0.335776
0.400263
0.529978
0.287620
0.376441
0.343771
0.390447
0.448385
0.290739
0.349657
0.483522
0.500440
0.378920
0.301053
0.476321
0.244859
