2.302968
2.414893
2.303742
2.303913
2.302636
2.301901
2.307265
2.302036
2.300312
2.297630
2.281008
2.285442
2.294625
2.281490
2.296170
2.286932
2.260224
2.171995
2.216121
2.208430
2.159484
2.580637
2.180724
2.284274
2.298316
2.305053
2.315526
2.313790
2.291641
2.312253
2.296109
2.302813
2.303005
2.306575
2.316855
2.307133
2.312165
2.302298
2.301021
2.306108
2.299356
2.302672
2.292109
2.330396
2.301534
2.301198
2.299660
2.299709
2.301833
2.297911
2.307637
2.286696
2.286124
2.279411
2.360613
2.278339
2.284367
2.287073
2.283790
2.280342
2.257292
2.233227
2.324479
2.235189
2.258968
2.249900
2.199966
2.205964
2.168541
2.108308
2.102051
2.268996
2.280027
2.178576
2.219598
2.230146
2.234260
2.253206
2.234957
2.243697
2.220444
2.208200
2.193381
2.183153
2.209229
2.215474
2.146217
2.139312
2.118636
2.093458
2.244662
2.123127
2.096129
2.127628
2.098074
2.091565
2.182412
2.169382
2.133570
2.079995
2.208704
2.061477
2.095986
2.143521
2.110450
2.146578
2.028568
2.130799
2.116548
2.023977
2.092262
2.137039
2.063165
2.072042
2.073852
2.108996
2.084754
2.071277
2.079097
2.063829
1.986765
2.052769
2.156883
2.037735
2.020236
2.041575
1.985314
2.035317
2.011661
2.061880
2.038409
1.964084
1.961045
1.930653
1.923917
1.982949
1.954670
2.000296
1.903598
1.891932
1.865108
1.946011
1.961339
1.928910
1.985397
1.954273
2.187390
1.966796
1.872558
1.994368
1.953256
1.982058
1.815281
1.877363
1.964940
1.962103
1.989721
1.854726
1.916634
1.950401
1.968067
2.003561
1.887647
1.891324
1.903406
1.783318
1.818428
1.988767
1.893722
1.944734
1.989990
1.846174
1.896699
1.977809
1.916053
1.941485
1.835417
1.837824
1.864231
1.696597
1.854298
1.864756
1.963425
2.005548
1.874991
1.884482
1.903561
1.866081
1.898740
1.863194
1.871040
1.994871
1.843124
1.876412
1.777210
1.720519
1.704001
1.686092
1.821957
1.785713
1.845833
1.970260
1.894172
1.926611
1.789467
1.981610
1.817889
1.876939
1.896354
1.730978
1.808493
1.790854
1.708337
1.865411
1.836114
1.866240
1.857665
1.824450
1.744878
1.843400
1.767838
1.846548
1.752311
1.733890
1.848297
1.844019
1.792096
1.664078
1.932889
1.683285
1.792186
1.913376
1.868661
1.757535
1.969794
1.836721
1.808513
1.753618
1.817728
1.885261
1.747610
1.652946
1.682757
1.712397
1.782772
1.813282
1.786219
1.755231
1.760929
1.900032
1.728320
1.777952
1.843176
1.644698
1.966863
1.810850
1.635589
1.831329
1.686531
1.658730
1.683328
1.677936
1.678058
1.666497
1.716379
2.005268
1.739715
1.644584
1.929281
1.803127
1.651947
1.703503
1.776677
1.761768
1.775820
1.634199
1.751229
1.729573
1.693567
1.732094
1.823315
1.807508
1.819709
1.714409
1.728920
1.822752
1.842296
1.747717
1.762072
1.823914
1.823911
1.760521
1.687059
1.735374
1.689043
1.820528
1.774257
1.707488
1.835480
1.755801
1.664543
1.815387
1.662827
1.720081
1.620256
1.716217
1.580221
1.563841
1.722863
1.714282
1.594591
1.761511
1.669796
1.793597
1.659794
1.657722
1.668937
1.691538
1.780470
1.656468
1.711547
1.936168
1.740308
1.723929
1.649399
1.790008
1.744404
1.599974
1.803277
1.594734
1.720122
1.601603
1.612726
1.716264
1.658273
1.738400
1.637602
1.599985
1.671352
1.622582
1.677584
1.702811
1.771720
1.499709
1.679644
1.766415
1.664644
1.555518
1.589924
1.490944
1.735250
1.746810
1.685482
1.662002
1.574199
1.682297
1.706871
1.603662
1.601534
1.732009
1.697889
1.666095
1.415808
1.622692
1.672000
1.516979
1.840049
1.497285
1.519043
1.656078
1.583079
1.676627
1.575384
1.574835
1.663922
1.620550
1.696323
1.705899
1.730964
1.606353
1.736000
1.670758
1.569526
1.500355
1.717728
1.544235
1.555283
1.549710
1.550656
1.660690
1.511679
1.458912
1.538825
1.694878
1.622734
1.479197
1.561789
1.432170
1.801760
1.718348
1.711644
1.633102
1.779425
1.654419
1.676756
1.627126
1.653446
1.597144
1.633263
1.516569
1.579133
1.559539
1.672315
1.481465
1.542705
1.726546
1.573024
1.672737
1.674433
1.611786
1.516946
1.781657
1.669445
1.581253
1.622145
1.576285
1.580408
1.414107
1.484958
1.517570
1.641299
1.607358
1.468650
1.515002
1.617515
1.489540
1.653119
1.724714
1.737362
1.673563
1.655694
1.428839
1.505233
1.602575
1.537588
1.591974
1.647342
1.616896
1.772025
1.600137
1.592598
1.459026
1.623685
1.520036
1.547833
1.451987
1.434800
1.662793
1.527145
1.500697
1.551857
1.481446
1.457571
1.568713
1.493226
1.594266
1.613199
1.436588
1.594741
1.682309
1.617514
1.457263
1.572516
1.458377
1.520479
1.512425
1.592841
1.440364
1.453623
1.301337
1.424781
1.350653
1.615320
1.423107
1.551946
1.562049
1.546703
1.696143
1.510280
1.531932
1.699167
1.517984
1.501328
1.477402
1.382982
1.502617
1.595503
1.578109
1.512183
1.496039
1.464816
1.517227
1.413007
1.481086
1.414325
1.735501
1.373777
1.441156
1.527928
1.430909
1.587255
1.559712
1.558562
1.521542
1.456762
1.490948
1.632707
1.618502
1.563290
1.542977
1.523010
1.588816
1.468550
1.548581
1.433820
1.541860
1.457610
1.447860
1.416673
1.656199
1.483447
1.497348
1.478216
1.494085
1.376642
1.538269
1.496036
1.392343
1.331467
1.428952
1.348963
1.414492
1.418556
1.459427
1.407757
1.475887
1.478002
1.361477
1.323756
1.477028
1.481972
1.585809
1.419209
1.471887
1.541959
1.401856
1.438209
1.400223
1.348618
1.329859
1.472114
1.466609
1.482580
1.465248
1.440778
1.421484
1.315204
1.354798
1.288261
1.300395
1.319157
1.305114
1.372364
1.253542
1.495443
1.407728
1.670603
1.572289
1.408381
1.423632
1.486883
1.310617
1.421072
1.552179
1.507565
1.440315
1.551414
1.590770
1.317487
1.393832
1.567729
1.405388
1.306468
1.485503
1.598275
1.400601
1.740467
1.372882
1.437072
1.274342
1.487140
1.353369
1.442933
1.343125
1.481463
1.379291
1.402667
1.285057
1.375764
1.437137
1.564179
1.331859
1.556636
1.174161
1.346472
1.323132
1.245812
1.249254
1.272480
1.485938
1.358464
1.599445
1.573152
1.450354
1.444711
1.394736
1.388355
1.340502
1.305614
1.441553
1.543316
1.315371
1.318086
1.503436
1.241510
1.566739
1.301162
1.310726
1.500964
1.328982
1.367591
1.485943
1.383358
1.343300
1.330696
1.340705
1.376743
1.398898
1.487230
1.503211
1.294103
1.406204
1.402158
1.153722
1.486116
1.382717
1.196496
1.304633
1.491850
1.483576
1.329599
1.444161
1.507790
1.217716
1.468921
1.383622
1.463227
1.220192
1.416223
1.377608
1.364183
1.328559
1.413516
1.250745
1.450171
1.378982
1.264611
1.430724
1.346789
1.431720
1.153112
1.450553
1.321343
1.318422
1.423677
1.170906
1.331784
1.269919
1.299635
1.460959
1.359965
1.319835
1.472571
1.267188
1.464744
1.452996
1.352914
1.370738
1.345560
1.260563
1.489763
1.495217
1.332542
1.451181
1.286436
1.362844
1.241261
1.394990
1.277440
1.293773
1.365257
1.429551
1.295000
1.351290
1.240897
1.245162
1.315955
1.618898
1.501640
1.533332
1.411671
1.561963
1.378244
1.374182
1.462117
1.354620
1.421932
1.228330
1.372817
1.342086
1.167520
1.267289
1.342121
1.284888
1.333683
1.431673
1.242247
1.404412
1.201363
1.393306
1.395139
1.310351
1.406316
1.231963
1.415959
1.368928
1.141141
1.244359
1.311998
1.225642
1.308119
1.268915
1.312524
1.352329
1.525509
1.356655
1.443342
1.062798
1.294406
1.309474
1.602623
1.224272
1.213135
1.270862
1.334799
1.410203
1.395835
1.421273
1.254119
1.465442
1.378458
1.251740
1.270382
1.317379
1.336865
1.403718
1.184864
1.466833
1.168749
1.372245
1.420477
1.274831
1.176876
1.217507
1.408098
1.331593
1.261848
1.175780
1.289504
1.299583
1.322708
1.411585
1.373875
1.130752
1.488263
1.117030
1.097933
1.162873
1.350831
1.211166
1.196256
1.331118
1.190163
1.111637
1.185390
1.402340
1.179542
1.319552
1.164659
1.191143
1.372680
1.218690
1.065527
1.301625
1.352797
1.176646
1.345329
1.022575
1.131866
1.457944
1.194645
1.286581
1.244546
1.218691
1.219693
1.478097
1.306899
1.291012
1.274816
1.212808
1.221790
1.172076
1.162444
1.345480
1.102787
1.306509
1.376015
1.243110
1.213524
1.402579
1.335585
1.187723
1.264174
1.303864
1.370454
1.151465
1.303211
1.226910
1.399973
1.305119
1.336212
1.236229
1.276262
1.124764
1.307494
1.045299
0.959167
1.149602
1.239803
1.173755
1.290812
1.210783
1.162642
1.146290
1.265457
1.145844
1.109018
1.207740
1.355502
1.314125
1.193512
1.138008
1.260182
1.209794
1.118528
1.011472
1.172985
1.079891
1.199897
1.280100
1.163319
1.283579
1.247288
1.303735
1.059092
1.172349
1.312491
1.160310
1.293475
1.152210
1.346222
1.155915
1.080445
1.120944
1.272774
1.109268
1.206094
1.150813
1.202356
1.298277
1.192221
1.404526
1.094094
1.155974
1.158207
1.201594
1.286981
1.187757
1.389493
1.260053
1.116303
1.367766
1.344827
1.225000
1.291774
1.205422
1.167716
1.195321
1.084299
1.165927
1.078832
1.299641
1.136333
1.069833
1.215640
1.202229
1.102780
1.158552
1.291686
1.241438
1.193248
1.213612
1.069927
1.116717
1.112952
1.041842
1.170132
1.136646
1.074257
1.141402
1.054471
1.263390
1.228910
1.043988
0.921091
1.127268
1.130393
1.270400
1.399310
0.932295
1.136947
1.021408
1.219602
1.157910
1.111344
1.234612
1.276042
1.320288
1.297258
1.127202
1.267880
1.170277
1.414108
1.386479
1.307400
1.287197
1.183270
1.172877
1.048327
1.350778
1.123355
1.026696
1.130440
0.957979
1.195798
1.379377
1.166305
1.035136
1.201840
0.931396
1.105608
1.172590
1.188899
1.250913
1.251636
1.258873
1.071813
1.127759
1.093351
1.219938
1.291782
1.178434
1.240895
1.152471
1.052433
0.958361
1.211792
1.035733
1.305362
1.086669
0.856897
1.144797
1.159265
1.053621
1.065087
1.011830
1.028383
1.097657
1.213949
1.273989
0.965851
1.120383
1.187491
1.243276
1.133168
1.222894
1.210141
1.271106
1.222029
1.138455
1.183951
1.273033
1.013090
1.084892
1.246086
1.077590
1.148092
1.114268
1.260921
1.342250
1.224349
1.004793
1.068963
1.008327
1.272326
1.183024
1.056229
1.052335
1.218071
1.270510
1.108450
1.050653
1.033030
1.260595
1.191292
1.041039
1.039668
1.281956
1.036978
1.036891
1.245736
1.118472
0.969683
1.055797
1.120217
1.006171
1.168838
1.000469
1.086952
1.121513
1.211743
1.147982
1.123285
0.991851
1.146488
1.194244
1.004382
1.098415
1.041967
0.985416
1.277616
1.016336
1.034822
1.140765
1.092083
0.979214
1.086224
1.117544
1.026646
1.173126
1.140821
1.104270
1.168528
1.133200
1.399748
1.108777
1.061273
1.247778
1.093530
1.299868
1.191368
1.128068
1.046802
1.069592
1.197224
1.195683
1.067071
1.121512
1.162912
1.030753
1.199399
1.247062
1.054031
1.010155
0.949622
1.128994
0.983426
1.235739
0.996937
1.261175
1.037338
1.159963
1.149207
1.049768
0.917799
1.134338
1.028718
1.044080
0.984625
1.147830
1.014003
1.126639
1.236305
1.171514
1.022917
1.089920
1.049406
1.080272
1.015424
1.136659
1.072468
1.288022
1.140027
1.084665
1.120334
0.956290
1.195504
1.024896
0.947212
1.358117
1.012211
0.917289
1.008636
1.102796
0.911649
0.969186
0.887787
1.131674
1.176076
0.983751
1.006468
1.056873
1.207004
0.864152
1.001565
1.024395
1.046229
1.273926
1.079684
1.137115
0.983197
0.972426
1.042233
1.137081
1.100519
1.022948
1.067173
1.019832
1.158702
1.259763
1.054441
0.991345
1.165910
0.955356
0.959911
1.050189
1.126371
0.995616
1.083242
1.022336
0.885059
1.021531
1.093493
1.051808
1.020413
1.057930
0.993073
1.053591
1.109736
0.983035
0.929833
0.883346
0.953625
0.967833
0.891454
0.944785
1.115267
0.908632
1.082960
1.085854
1.079922
1.077919
1.052536
0.870538
0.938908
1.205296
1.175058
1.030807
1.028022
1.115278
0.955137
0.970777
0.976809
0.815905
0.994568
0.949355
0.962369
1.169021
1.060579
0.927029
0.864022
1.049771
1.057673
1.037969
0.959572
0.887155
1.070133
0.986483
0.976084
1.064275
0.954559
1.180423
0.963762
1.005572
1.128527
1.001021
0.834014
0.965902
0.979888
1.043308
1.151094
1.048963
1.282939
1.018811
1.010917
1.005149
1.019167
0.960212
0.868059
0.966850
1.016639
0.920012
1.098414
1.167682
1.010887
1.052013
0.947193
1.070227
1.117004
1.117288
1.039075
1.247612
0.991895
1.012675
0.940611
1.094370
1.039133
0.927549
0.947166
0.872252
1.185715
1.257120
1.133885
1.096307
1.076475
0.958400
1.113943
0.995690
0.992236
0.970707
0.889682
0.842144
1.290959
1.052233
0.922626
0.989165
0.966829
1.133602
0.900666
1.049706
0.936832
1.199628
0.991943
0.999289
1.028624
1.100688
0.934994
0.986140
1.158340
1.198478
1.035554
1.111185
1.055667
1.010532
1.065089
1.262093
0.899988
0.867392
0.983101
1.024435
1.139160
0.840820
1.189781
1.071182
0.966212
1.096175
1.011312
0.893353
0.784931
1.046867
1.106592
1.043088
0.884259
0.937266
0.991587
0.825523
0.827242
0.923079
0.891712
0.894488
1.110145
1.084152
1.118373
0.965600
1.082281
0.708369
1.140274
0.904198
0.998290
1.024161
1.102186
1.056016
0.940692
0.979668
0.994116
0.890986
1.028516
0.993133
1.080117
0.839517
0.936720
1.073577
0.932541
0.967163
1.036670
1.021364
0.995022
1.017153
1.024800
0.970368
0.943016
1.086655
0.994372
0.975431
1.101796
1.009089
0.999143
0.994782
1.215015
1.112739
1.109084
0.878716
0.943281
1.000482
0.916733
0.825698
0.978533
1.058947
1.011783
0.950745
1.177052
0.907830
0.847416
0.889146
1.026148
1.203299
1.076650
1.041286
1.033278
1.022291
1.004104
1.102319
0.911868
0.918079
1.026329
0.923461
0.988845
1.114794
0.872503
0.965903
0.996810
1.216022
1.046718
1.269198
1.093271
0.980067
0.833892
1.062763
0.995009
1.155443
1.069518
0.978734
1.039471
1.015460
1.079117
0.868554
0.973732
1.035110
1.044823
0.924303
0.945482
0.887277
0.965477
1.061972
0.932707
1.048326
0.953267
1.066150
0.812333
0.984349
1.159518
1.046892
1.028126
0.947903
1.111115
0.946674
1.019749
1.157612
0.972952
1.038007
0.957201
0.931863
0.829351
0.742925
0.956127
1.021023
0.812599
0.807660
0.909679
1.026405
0.754985
0.995091
0.990978
1.163359
1.099356
1.105173
0.889160
0.852787
1.002537
1.031809
1.073458
1.295139
0.992865
0.979357
1.133020
0.998156
1.100562
1.038453
0.908144
1.008842
1.087336
0.880641
0.977118
0.817099
0.992116
0.895014
0.909028
0.816921
1.005205
0.945624
1.108636
0.764294
0.969192
0.850177
0.832395
0.846264
1.001818
0.987516
1.033098
1.080365
0.882352
1.035182
0.978959
1.030116
0.940676
0.833756
0.808038
1.002207
1.077909
0.943550
1.056513
0.930675
0.825414
1.097524
1.041477
1.043989
1.075806
1.003309
0.838840
0.734900
0.871308
0.995534
0.843408
0.971157
0.807255
1.086193
0.817256
0.789217
1.110425
1.044209
0.998085
0.945933
0.948929
1.040028
0.973570
0.989956
0.816604
1.066592
0.996706
1.025270
0.946835
1.089003
0.901392
1.055105
0.897127
0.898002
0.854509
0.683249
0.830378
0.953302
0.974053
0.895951
0.935033
1.034419
0.999125
0.965754
0.818761
0.978892
0.814732
0.901707
0.959043
0.909681
0.992753
0.893748
0.814166
0.991283
0.834205
0.951422
0.926696
0.867164
0.763764
0.811806
0.880763
1.140000
0.760695
0.941573
1.036390
0.932665
0.923931
0.988046
0.822049
0.948990
0.955959
0.944194
0.956634
0.973513
0.920789
1.020794
0.949355
0.802964
0.842591
1.050041
0.845529
0.884804
0.751833
0.768067
0.792241
0.751656
1.053198
1.003360
0.772547
1.033779
1.128653
1.031294
0.933112
0.950376
1.002416
0.997445
1.032148
0.910631
0.882299
1.004009
1.062827
0.914124
0.991082
0.912495
0.732256
0.826237
0.840767
0.927188
1.066335
0.885961
1.099248
0.949724
1.095958
0.925510
0.891616
0.668333
0.771536
1.043086
0.990778
0.986377
0.871249
0.842799
0.835508
0.919610
0.947780
1.007569
0.936845
1.043543
0.738691
1.074785
0.979558
0.862551
0.951624
0.927465
0.995943
0.883088
0.920478
0.957369
1.097926
0.956317
1.037205
0.880203
0.875757
0.919628
0.830642
1.051412
1.000721
0.963954
1.065064
0.757995
1.020448
0.840296
0.784082
0.863797
0.881921
0.893059
0.914490
0.721153
1.011892
1.080184
0.887673
0.882881
0.999802
0.859020
0.826873
0.762626
1.030043
0.809316
1.044875
0.918973
0.723486
0.906600
0.969776
0.851451
0.998056
0.960039
0.891033
0.912810
0.759624
0.889546
0.841570
0.772207
0.859523
0.941462
0.942733
0.726091
0.867812
0.959455
1.024642
0.884250
0.849233
0.762131
0.963555
0.800851
1.020127
0.977313
0.885041
0.881150
1.028855
0.678624
1.317204
0.976367
0.941390
0.930912
0.705798
1.019083
0.963115
0.832300
0.940737
1.059813
0.920894
0.850607
0.843766
0.901433
0.788734
0.927993
0.772175
0.890915
0.948747
0.826288
0.774115
0.859221
0.915130
0.778531
0.914127
1.068995
0.874384
1.116131
1.105436
0.803573
1.148648
0.869356
0.875455
0.881827
0.813549
0.984785
0.866361
0.968075
0.952083
0.793091
0.825854
0.809352
0.910672
0.921303
0.831550
0.740076
0.998886
0.761155
0.909273
0.841145
0.802419
0.893571
0.758187
0.862315
0.867496
0.813429
0.839449
0.883349
0.793568
0.867109
1.017819
0.931461
0.889491
0.785548
1.020229
1.018099
0.864226
0.864353
0.987994
0.800052
0.899439
0.851865
0.766039
0.757680
0.958493
0.910497
0.930142
1.011999
0.826533
0.849333
0.933346
0.948211
1.081307
0.828137
1.057372
0.882322
0.914792
0.932808
1.138013
0.817314
0.840209
0.835557
0.963466
1.011902
0.883812
0.725552
0.788233
1.092637
0.844968
0.936812
0.863009
0.829144
0.852194
0.747713
0.899220
0.735338
0.755190
0.913265
0.827532
0.797737
0.862469
0.892781
0.786466
0.892972
0.788315
0.957324
1.010297
0.803032
0.812943
0.795618
0.959714
0.734543
0.933292
0.875301
0.884948
0.886440
0.710883
0.822076
0.949401
0.848698
0.829262
0.809423
0.963568
0.752571
0.727458
0.915869
0.964614
0.787084
0.948457
0.976221
0.835736
0.748541
0.871422
0.810515
0.767990
0.813295
0.938137
0.867030
1.002565
0.872033
0.872097
0.817029
1.170936
0.778274
0.918172
0.689267
0.859659
0.812394
0.866365
1.042674
1.010147
0.858470
0.789775
0.812027
0.977448
0.780008
0.853861
0.875787
0.845397
0.703555
0.887062
0.977705
1.062086
0.705458
0.967769
0.871213
0.978278
0.968965
0.867949
0.866096
0.809203
0.847913
0.762791
0.858620
0.750867
0.838424
0.673473
0.781417
0.725514
0.639447
0.580418
0.771223
0.798462
0.941452
0.782653
0.779423
0.908398
0.910645
0.909587
0.876254
0.948292
1.066515
0.675529
0.814221
0.942217
0.886406
0.940298
0.713820
0.923782
0.824493
0.911691
0.966424
0.954553
0.873034
0.791990
0.928511
0.874615
1.019098
0.681462
0.761232
1.075692
0.665433
0.725108
0.886131
0.737295
0.802959
0.736839
0.701617
0.912657
0.824358
0.896466
0.925622
0.946425
0.897401
0.809767
0.781311
0.906993
0.826040
0.883115
0.689004
0.905264
0.864104
0.882468
0.882205
0.781918
0.832988
0.990480
0.872965
0.930358
0.884784
0.932357
0.840639
0.873452
0.903174
0.846203
0.828967
0.833033
0.920177
0.587419
0.827358
0.887696
0.874322
0.809488
0.910334
0.807180
0.867754
0.759148
0.708626
0.683806
0.728560
0.842930
0.719273
0.792062
0.653787
0.771828
0.788992
0.838003
1.035534
0.712478
0.952107
1.058746
1.000831
0.856832
0.792352
0.762489
0.785229
0.901145
0.740434
0.761813
0.758727
0.940587
0.716134
0.790780
0.832546
0.911855
0.804466
0.750074
0.741525
0.827728
0.915836
0.786058
0.887242
0.799837
0.721652
0.871640
0.852336
0.881105
0.856711
0.709996
0.849410
0.936461
0.748970
0.918559
0.849459
0.784639
0.861799
0.672870
0.848571
0.765953
0.786860
0.733668
0.971839
0.612409
0.689835
0.692060
0.854525
0.783689
0.870572
0.903710
0.870487
0.736146
0.898679
1.003823
0.794931
0.863551
0.706399
0.996987
0.761775
0.835919
0.845148
0.966865
0.886750
0.776661
0.846418
0.960842
0.907357
0.933143
0.883477
0.833940
0.758647
0.767314
0.799792
0.812750
0.886006
0.998939
0.923333
0.812658
0.853805
0.873516
0.775677
0.734063
0.748531
0.878617
0.803212
1.028512
0.973283
0.898815
0.709331
0.717732
0.906122
0.837851
0.946945
0.713038
0.820161
0.898829
0.896978
0.888269
0.739815
1.020713
0.847771
0.775883
0.859503
0.740526
0.845585
0.861204
0.782160
0.901194
0.933026
0.889695
0.839734
0.702360
0.835004
0.747388
0.874842
0.807759
0.787300
0.824705
0.999125
0.865065
0.804700
0.726686
0.726267
0.671338
0.945539
0.608532
0.932699
0.872533
0.823306
0.893223
0.795589
0.874932
0.818570
0.909464
0.677112
0.885509
0.746891
0.839619
0.719961
1.082386
0.799363
0.992136
0.779657
0.835732
0.961892
0.850787
1.002488
0.863395
0.726932
0.703472
0.739783
0.830647
0.827325
0.766994
0.818725
0.861857
0.955817
0.756438
0.693441
0.902410
0.784909
0.851827
0.937528
0.966922
0.764061
0.996107
0.670725
0.738651
0.786046
0.846795
0.804900
0.799287
0.899187
0.711798
0.880407
0.968839
0.754685
0.877370
0.958735
0.918901
0.904756
0.929656
0.865446
0.772199
0.862306
0.950876
0.787339
0.805858
0.736394
0.785269
0.706604
0.722961
0.717890
0.858632
0.677937
0.864028
0.682074
0.834017
0.510337
0.749818
0.719245
0.839211
0.747810
0.800681
0.735958
0.868587
0.819322
0.814033
0.873968
0.694140
0.688135
0.778087
0.730898
0.827573
0.846920
0.923482
0.653293
0.890470
0.733300
0.769684
0.636755
0.680600
0.582888
0.967942
0.876013
0.732508
0.923233
0.735550
0.922988
1.048925
0.702504
0.701591
0.704497
0.756513
0.867038
0.743493
0.725480
0.795725
0.738431
0.728766
0.817190
0.751112
0.876533
0.932157
0.820319
0.694195
1.093407
0.952753
0.680788
0.848164
0.806396
0.787415
1.129259
0.985099
0.749705
0.798910
0.660059
0.693316
0.940358
0.955110
0.724893
0.809465
0.755346
0.598670
0.927902
0.767991
1.064644
0.820264
0.910435
0.760368
0.844816
0.890263
0.751703
0.838560
0.742079
0.779725
0.884224
0.818816
1.003041
0.834843
0.933273
0.718726
0.805186
0.749047
0.927644
1.017920
0.795228
0.665028
0.761300
0.626336
0.852242
0.884173
0.721589
0.776850
0.927543
0.614259
0.738454
0.725223
0.836911
0.749268
0.752185
0.911844
0.711879
0.625956
0.951024
0.749185
0.805582
0.745382
0.773310
0.750681
0.680904
0.771600
0.800791
0.645668
0.824792
0.706576
0.797663
0.881303
0.781566
0.738757
0.760856
0.563255
0.750334
0.692806
0.819907
0.627819
0.790524
0.789189
0.860143
0.750788
0.853494
0.771911
0.700562
0.726711
0.862410
0.824958
0.713745
0.701932
0.718149
0.805868
0.833600
0.908492
0.612153
0.764096
0.814057
0.792064
0.689768
0.646889
0.805691
1.010418
0.813177
0.956999
0.850923
0.728340
0.949594
0.907416
0.857914
0.703281
0.714435
0.979903
0.813862
0.837953
0.813494
0.833145
0.937171
0.707464
0.622343
0.759243
0.730387
0.767043
0.791613
0.833226
0.804361
0.732728
0.702653
0.634702
0.660204
0.762196
0.631567
0.818601
0.682919
0.797604
0.727839
0.835367
0.764125
0.705518
0.702466
0.603477
0.759623
0.761342
0.893032
0.665559
0.891458
0.707422
0.680755
0.740428
0.674349
0.635686
0.708468
0.868746
0.762952
0.929798
0.856832
0.834737
0.857673
0.794555
0.875395
0.798268
0.931542
0.744052
0.705258
0.750886
0.842332
0.858342
0.662287
0.580473
0.858739
0.614980
0.723720
0.683471
0.785408
0.680221
0.705994
0.738593
0.662245
0.952882
0.942542
0.702401
0.705497
0.966022
0.437078
0.628554
0.942191
0.787896
0.864419
0.689107
0.607458
0.775798
0.719464
0.693229
0.750259
0.628101
0.790496
0.632906
0.804241
0.524990
0.596778
0.558471
0.676730
0.855441
0.738980
0.558097
0.583372
0.761051
0.930420
0.799210
0.822646
0.909524
0.751942
0.811679
0.889195
0.776448
0.844736
0.709817
0.835126
0.837788
0.757590
0.760312
0.757415
0.631959
0.949806
0.661031
0.664552
0.750900
0.869818
0.708798
0.805433
0.643043
0.752338
0.802799
0.818038
0.834011
0.817448
0.548019
0.626042
0.908917
0.748209
0.630679
0.563930
0.817735
0.898579
0.827344
0.779262
0.780295
0.915348
0.735754
0.741095
0.697765
0.680054
0.872100
0.642650
0.700176
0.858841
0.827973
0.906908
0.746957
0.660886
0.675438
0.755781
0.729980
0.633343
0.801367
0.756220
0.789278
0.711359
0.906937
0.850481
0.723814
0.808271
0.705977
0.687163
0.806678
0.749113
0.851524
0.753918
0.782244
0.837819
0.711480
0.645024
0.679615
0.793496
0.699855
0.776900
0.705473
0.678591
0.651788
0.635373
0.614712
0.969800
0.641162
0.824436
0.789514
0.673625
0.840576
0.697026
0.628930
0.750714
0.798212
0.671145
0.789813
0.846926
0.797287
0.912202
0.609376
0.718339
0.755298
0.600040
0.666855
0.748526
0.817462
0.707565
0.802024
0.800691
0.883862
0.881228
0.761285
0.762233
0.749539
0.702647
0.765962
0.750594
0.603758
0.680823
0.673151
0.679521
0.773073
0.765358
0.928482
0.851156
0.747869
0.659827
0.763600
0.742287
0.551882
0.758432
0.640508
0.723825
0.585251
0.766605
0.731843
0.729112
0.813487
0.765642
0.916075
0.700869
0.686754
0.631162
0.631069
0.609274
0.761629
0.570666
0.701957
0.666166
0.968637
0.717691
0.878756
0.747589
0.847074
0.978630
0.846184
0.809448
0.739849
0.684850
0.825210
0.716081
0.747371
0.716175
0.653515
0.753875
0.805172
0.671556
0.571575
0.783648
0.593661
0.727838
0.743321
0.735283
0.707267
0.771295
0.987588
0.752952
0.807846
0.879409
0.657805
0.598080
0.819678
0.891350
0.834849
0.797089
0.819785
0.846828
0.621799
0.722556
0.651836
0.804421
0.841842
0.772371
0.797593
0.908604
0.749401
0.626103
0.797321
0.892913
0.764966
0.790419
0.923674
0.682030
0.684712
0.756321
0.668101
0.771906
0.811110
0.609683
0.856686
0.663817
0.807210
0.731317
0.650949
0.697207
1.063398
0.711345
0.840599
0.773123
0.753528
0.841371
0.808776
0.764474
0.818276
0.952702
0.834946
0.619237
0.734654
0.700008
0.795598
0.741603
0.789316
0.667846
0.933498
0.829254
0.825977
0.828253
0.887560
0.713062
0.644186
0.546165
0.890149
0.640275
0.692279
0.703204
0.809163
0.661904
0.874536
0.946359
0.829547
0.768887
0.767511
0.679615
0.666555
0.727851
0.674827
0.734874
0.652485
0.930853
0.783175
0.746641
0.702179
0.837727
0.594462
0.667229
0.508119
0.659826
0.826909
0.866901
0.621441
0.661000
0.734634
0.898151
0.589075
0.664548
0.638741
0.562824
0.794010
0.635562
0.840629
0.710270
0.703537
0.588953
0.597367
0.676244
0.707381
0.746157
0.869257
0.852571
0.634472
0.756518
0.799887
0.816942
0.623263
0.725418
0.695699
0.876389
0.773439
0.876496
0.569753
0.671926
0.568424
0.695490
0.693308
0.814161
0.708178
0.536698
0.781714
0.940966
0.774477
0.667455
0.708354
0.777795
0.756321
0.954185
0.770373
0.545337
0.782661
0.661945
0.670850
0.659447
0.827364
0.579346
0.655543
0.701300
0.771889
0.633896
0.708188
0.644111
0.654871
0.828229
0.801293
0.819272
0.696237
0.749710
0.610451
0.787432
0.818324
0.666185
0.713243
0.500246
0.709822
0.705722
0.623274
0.807924
0.732471
0.628996
0.648152
0.712173
0.757356
0.679617
0.731247
0.757205
0.674525
0.705398
0.712666
0.613979
0.696055
0.650530
0.833371
0.955016
0.612676
0.739165
0.580047
0.750459
0.719616
0.790373
0.729985
0.655877
0.806293
0.772664
0.885093
0.481704
0.747506
0.729070
0.687114
0.758138
0.645230
0.814101
0.743572
0.692744
0.667295
0.695145
0.634112
0.741168
0.544368
0.634070
0.837856
0.835259
0.666292
0.699916
0.597445
0.624885
0.670849
0.624247
0.795088
0.710853
0.809630
0.732957
0.639404
0.748142
0.705823
0.843529
0.649197
0.647721
0.653563
0.777457
0.591707
0.749422
0.732738
0.646718
0.695288
0.743743
0.847177
0.762854
0.712822
0.660900
0.451072
0.633597
0.708090
0.640965
0.570238
0.554972
0.852782
0.683829
0.598750
0.591314
0.810089
0.745214
0.680773
0.827047
0.604172
0.623759
0.617257
0.643368
0.842699
0.752789
0.653283
0.607737
0.761881
0.704027
0.741256
0.729473
0.687227
0.655419
0.581236
0.616004
0.651340
0.841340
0.622589
0.631907
0.649487
0.659425
0.742730
0.712487
0.841928
0.749321
0.569571
0.740488
0.685073
0.856862
0.753724
0.724773
0.636813
0.545794
0.764111
0.596838
0.676752
0.589385
0.734464
0.704923
0.883133
0.656648
0.602553
0.589035
0.523743
0.789523
0.700033
0.657428
0.627411
0.568910
0.731974
0.586848
0.763349
0.723644
0.866349
0.526809
0.720891
0.556473
0.725697
0.790444
0.534525
0.682114
0.702681
0.524398
0.648813
0.684116
0.618206
0.505384
0.639206
0.703669
0.594654
0.724282
0.657194
0.799959
0.921562
0.731136
0.460315
0.657985
0.737823
0.610187
0.772217
0.727156
0.671293
0.585698
0.601616
0.715793
0.632808
0.706560
0.681835
0.512997
0.742647
0.671635
0.826992
0.636457
0.737106
0.637225
0.842032
0.717698
0.677345
0.599902
0.607931
0.625143
0.743458
0.669541
0.621541
0.832818
0.838603
0.798966
0.667929
0.577551
0.607762
0.679544
0.607203
0.587129
0.706021
0.553682
0.566708
0.619630
0.779225
0.657668
0.634290
0.696150
0.754508
0.547843
0.647633
0.758823
0.675102
0.633101
0.446644
0.930343
0.762299
0.821227
0.633865
0.667822
0.653692
0.603843
0.532205
0.753107
0.783057
0.675992
0.920243
0.666493
0.642100
0.799125
0.561278
0.635865
0.885698
0.639329
0.616474
0.793926
0.636140
0.768366
0.951150
0.723738
0.660950
0.588750
0.743217
0.737839
0.684367
0.604185
0.591815
0.692762
0.611030
0.798325
0.780432
0.745353
0.707164
0.788992
0.770404
0.779231
0.612894
0.627662
0.594337
0.844357
0.759735
0.737795
0.936781
0.995613
0.739273
0.559020
0.811588
0.761001
0.696386
0.770633
0.714930
0.425817
0.641186
0.570536
0.797409
0.737748
0.707008
0.596939
0.808928
0.671697
0.707171
0.654682
0.807932
0.763295
0.620796
0.729355
0.586352
0.822013
0.640745
0.577477
0.704420
0.629550
0.544070
0.735220
0.875196
0.697449
0.638944
0.550569
0.653673
0.748193
0.593712
0.573896
0.522191
0.636198
0.614868
0.512305
0.747298
0.687486
0.720153
0.680691
0.580082
0.760380
0.688503
0.974670
0.673928
0.723461
0.714278
0.676643
0.584851
0.917623
0.830028
0.746816
0.617826
0.649694
0.831017
0.632401
0.816838
0.836588
0.677738
0.494648
0.709689
0.762224
0.590621
0.794464
0.636027
0.898315
0.719002
0.744176
0.533770
0.774587
0.549528
0.846602
0.794432
0.732735
0.732295
0.546258
0.775545
0.539751
0.676173
0.707357
0.720513
0.748379
0.603659
0.688433
0.524555
0.609876
0.669672
0.691952
0.706850
0.546492
0.660410
0.668859
0.574303
0.767823
0.646499
0.535917
0.683402
0.643057
0.673058
0.594152
0.657528
0.591966
0.713370
0.807806
0.646006
0.901705
0.671591
0.635304
0.718660
0.627415
0.764081
0.790005
0.784847
0.541413
0.605378
0.753339
0.708330
0.884307
0.663767
0.662407
0.593951
0.656633
0.624527
0.598848
0.606995
0.540770
0.934239
0.587389
0.707255
0.643849
0.626133
0.775201
0.660734
0.707407
0.677119
0.541347
0.482515
0.597148
0.620169
0.740490
0.605262
0.600956
0.659580
0.735559
0.714874
0.595088
0.545311
0.582128
0.595561
0.602011
0.722971
0.578184
0.798400
0.659724
0.744716
0.762545
0.688103
0.571540
0.499833
0.507092
0.695215
0.688302
0.788371
0.691365
0.697384
0.752327
0.747370
0.576662
0.693225
0.587586
0.683477
0.720047
0.928029
0.570977
0.616328
0.608865
0.629619
0.708405
0.665750
0.763514
0.555100
0.756531
0.727633
0.550781
0.524100
0.685595
0.598407
0.616699
0.472099
0.793101
0.594540
0.650259
0.706738
0.750558
0.664305
0.461151
0.584784
0.536500
0.698373
0.601742
0.702885
0.754042
0.726577
0.645636
0.785832
0.710841
0.630567
0.643852
0.690731
0.546699
0.578276
0.579882
0.570344
0.591749
0.719635
0.747983
0.425226
0.621796
0.583434
0.641358
0.708967
0.668488
0.436920
0.641431
0.666675
0.522459
0.717725
0.760227
0.714230
0.422735
0.846682
0.553614
0.665076
0.617336
0.763622
0.609499
0.518402
0.446627
0.664767
0.658379
0.533847
0.708249
0.649313
0.599613
0.784740
0.622053
0.805750
0.819084
0.646447
0.651501
0.617295
0.644559
0.716403
0.735586
0.732785
0.684261
0.746762
0.786457
0.584029
0.682620
0.686731
0.606718
0.648957
0.430762
0.698192
0.808499
0.563142
0.560477
0.571223
0.727127
0.751644
0.665091
0.870443
0.664499
0.565378
0.575049
0.870072
0.590780
0.654728
0.647688
0.677111
0.711167
0.555151
0.647045
0.478430
0.732930
0.781863
0.729357
0.645146
0.709359
0.612912
0.619193
0.778742
0.677604
0.643159
0.703981
0.739562
0.461332
0.541263
0.767464
0.783774
0.738378
0.493740
0.676198
0.525532
0.509077
0.658311
0.620341
0.772646
0.662496
0.600447
0.693261
0.629738
0.547680
0.627311
0.666233
0.602483
0.706582
0.782652
0.691054
0.608281
0.753305
0.522019
0.753015
0.648068
0.753125
0.578292
0.802794
0.631049
0.642276
0.608965
0.589469
0.739299
0.637513
0.509813
0.689063
0.563082
0.648324
0.563219
0.517286
0.752653
0.551661
0.670448
0.640328
0.655887
0.768953
0.566460
0.657147
0.555389
0.478655
0.751346
0.669765
0.705759
0.721895
0.836774
0.652676
1.163459
0.649283
0.750188
0.538526
0.515097
0.728240
0.560206
0.694752
0.599981
0.628700
0.630283
0.602156
0.801441
0.691194
0.778319
0.553032
0.579668
0.586888
0.591518
0.697169
0.653290
0.579092
0.793576
0.582832
0.620219
0.640377
0.539038
0.567627
0.628104
0.639223
0.613263
0.570780
0.884089
0.771084
0.822229
0.600208
0.543522
0.801022
0.575263
0.628083
0.517345
0.774924
0.749919
0.659765
0.631543
0.572888
0.924894
0.742328
0.655545
0.574615
0.596426
0.756965
0.669037
0.594693
0.592606
0.670489
0.778577
0.609660
0.495170
0.612359
0.456424
0.585042
0.597415
0.822216
0.756609
0.617838
0.678078
0.633578
0.662076
0.808297
0.795095
0.542478
0.762796
0.613288
0.607673
0.465221
0.626635
0.687374
0.510045
0.581338
0.673986
0.758494
0.685277
0.745116
0.527790
0.661048
0.557231
0.619394
0.663710
0.682421
0.541178
0.657493
0.788236
0.668065
0.678173
0.547798
0.599936
0.954441
0.731565
0.518141
0.557663
0.651293
0.673108
0.627744
0.718981
0.514007
0.575490
0.759960
0.634831
0.637748
0.540609
0.648841
0.882517
0.523606
0.637141
0.621481
0.544838
0.683013
0.618793
0.539652
0.719755
0.512166
0.656963
0.641313
0.611224
0.720803
0.536229
0.683064
0.628349
0.541103
0.586530
0.707295
0.549134
0.728219
0.710238
0.662023
0.753986
0.622076
0.691639
0.731398
0.532940
0.508356
0.548342
0.714675
0.587620
0.662623
0.717547
0.621284
0.740604
0.642407
0.802277
0.543551
0.666577
0.662681
0.761900
0.692626
0.526940
0.667983
0.604483
0.580089
0.603235
0.594489
0.607777
0.662745
0.705980
0.583251
0.715002
0.673096
0.568066
0.619578
0.573500
0.635447
0.656201
0.898059
0.516420
0.642817
0.572195
0.626180
0.777894
0.604968
0.554378
0.524193
0.638061
0.682531
0.704161
0.715445
0.633469
0.723382
0.640936
0.721956
0.641047
0.613600
0.669347
0.561286
0.736274
0.673906
0.649134
0.523788
0.570393
0.616248
0.620754
0.679811
0.601014
0.522247
0.697591
0.539654
0.595566
0.671176
0.813004
0.639586
0.610796
0.664936
0.624644
0.660634
0.559874
0.720085
0.732834
0.619398
0.657583
0.565591
0.546668
0.604474
0.619197
0.848274
0.656250
0.647411
0.451529
0.757636
0.769674
0.827327
0.603527
0.734958
0.796926
0.865698
0.615225
0.713006
0.538998
0.572373
0.781067
0.764940
0.598263
0.671710
0.649836
0.729710
0.811814
0.620796
0.772074
0.696123
0.605634
0.692446
0.537932
0.518792
0.611075
0.708610
0.550334
0.528199
0.490312
0.788549
0.621038
0.558255
0.567924
0.636027
0.599815
0.658073
0.563115
0.467374
0.587655
0.577966
0.604046
0.581985
0.587499
0.895358
0.739722
0.514294
0.542185
0.639356
0.643696
0.670548
0.530273
0.593145
0.475632
0.615577
0.615167
0.483595
0.560506
0.685735
0.451591
0.548665
0.642747
0.505881
0.581175
0.512786
0.751938
0.543503
0.600549
0.614893
0.546636
0.746354
0.619593
0.651398
0.724604
0.638523
0.742620
0.579670
0.738522
0.518205
0.547509
0.635099
0.616907
0.674650
0.608589
0.648708
0.606439
0.665737
0.572501
0.602364
0.738276
0.555137
0.569798
0.480253
0.634772
0.542073
0.744541
0.760186
0.686649
0.649524
0.619082
0.510839
0.856778
0.675581
0.562056
0.653273
0.546179
0.644508
0.460468
0.689122
0.685429
0.650276
0.696436
0.654506
0.485166
0.655035
0.626396
0.544474
0.575144
0.657253
0.555860
0.664138
0.709526
0.714198
0.556798
0.733985
0.583466
0.545522
0.586152
0.530906
0.627457
0.581242
0.681460
0.729344
0.656111
0.491181
0.743719
0.679097
0.759290
0.734731
0.590363
0.609029
0.815978
0.694088
0.632154
0.719650
0.647770
0.623425
0.478477
0.514440
0.704997
0.742728
0.630690
0.553559
0.473014
0.690038
0.449891
0.552672
0.613087
0.699017
0.762467
0.417309
0.706874
0.477007
0.565067
0.667153
0.543888
0.535948
0.875531
0.537067
0.637645
0.657215
0.546626
0.737022
0.516235
0.785851
0.604105
0.680573
0.640177
0.845181
0.546359
0.593858
0.584815
0.615676
0.596397
0.480358
0.673487
0.660791
0.695465
0.524734
0.573292
0.605805
0.568976
0.715997
0.648659
0.621109
0.733485
0.562535
0.612108
0.701921
0.713200
0.569117
0.609789
0.629142
0.636422
0.467382
0.577180
0.694402
0.459687
0.642576
0.623999
0.582559
0.632192
0.611334
0.641601
0.503442
0.654052
0.617682
0.609738
0.602839
0.714125
0.540186
0.624099
0.771583
0.676301
0.491654
0.727704
0.680971
0.747800
0.673815
0.721349
0.616438
0.596559
0.756844
0.570189
0.494171
0.690767
0.648994
0.660334
0.557469
0.650992
0.595206
0.627352
0.634241
0.572686
0.643486
0.695803
0.595885
0.562576
0.640860
0.583632
0.745044
0.567672
0.461317
0.499650
0.601542
0.613812
0.722859
0.679034
0.432556
0.686573
0.489513
0.569093
0.622042
0.660687
0.747263
0.568554
0.591041
0.651063
0.652872
0.716751
0.628877
0.732303
0.661682
0.741434
0.611115
0.614654
0.656500
0.485686
0.794515
0.757827
0.515180
0.638430
0.593946
0.491318
0.656332
0.606597
0.501782
0.525731
0.561595
0.690052
0.587511
0.560930
0.760089
0.468268
0.523822
0.499464
0.470128
0.577405
0.521043
0.513624
0.613316
0.523980
0.515341
0.655489
0.523842
0.526974
0.463745
0.533045
0.567039
0.698314
0.567273
0.513510
0.665121
0.561482
0.618756
0.857280
0.640831
0.493423
0.765778
0.533779
0.610933
0.572652
0.737930
0.655900
0.698561
0.566541
0.555709
0.766289
0.709492
0.586302
0.668429
0.872307
0.484824
0.514510
0.515030
0.508088
0.550511
0.449588
0.473773
0.727725
0.706318
0.551978
0.655580
0.685225
0.590846
0.797704
0.785169
0.634897
0.534060
0.636263
0.372767
0.669171
0.466947
0.635778
0.644515
0.524540
0.482029
0.721805
0.462015
0.542691
0.717632
0.404036
0.566181
0.614791
0.771789
0.619149
0.522154
0.413636
0.517833
0.413911
0.560042
0.775422
0.610618
0.605980
0.526448
0.655746
0.459040
0.540927
0.544922
0.574003
0.751183
0.623555
0.463889
0.577293
0.551215
0.575621
0.627374
0.626290
0.633663
0.661605
0.573156
0.630890
0.597374
0.470333
0.582058
0.553263
0.548237
0.544989
0.613051
0.745443
0.468935
0.603484
0.482053
0.665522
0.593429
0.547350
0.627076
0.626934
0.594408
0.520522
0.466277
0.703348
0.639497
0.512827
0.593956
0.580636
0.616110
0.508642
0.551903
0.607358
0.636347
0.562250
0.628020
0.542987
0.794146
0.639324
0.580706
0.579473
0.639316
0.634098
0.623906
0.434837
0.530628
0.696344
0.581373
0.501802
0.815347
0.634642
0.597064
0.768116
0.589384
0.452394
0.644893
0.500405
0.773696
0.518308
0.485527
0.718967
0.586901
0.595793
0.618300
0.451972
0.682692
0.713429
0.495734
0.585247
0.513046
0.592856
0.515791
0.558814
0.566821
0.646073
0.588140
0.660046
0.451194
0.580120
0.630916
0.543069
0.534252
0.546258
0.505413
0.564344
0.482927
0.555405
0.446662
0.654317
0.722430
0.549800
0.764771
0.756983
0.642471
0.578749
0.539032
0.630641
0.430753
0.491962
0.708285
0.614753
0.501048
0.576867
0.721202
0.630708
0.669816
0.639160
0.658987
0.479860
0.464218
0.619448
0.565570
0.664840
0.770540
0.679788
0.598241
0.485658
0.638562
0.642472
0.561946
0.497076
0.712775
0.705985
0.494232
0.566076
0.645746
0.509593
0.625236
0.431105
0.582397
0.744102
0.691339
0.536463
0.600357
0.644718
0.543547
0.695849
0.611523
0.693276
0.517329
0.518765
0.521814
0.627790
0.521805
0.676876
0.527660
0.581076
0.670000
0.567607
0.650283
0.526410
0.558770
0.457641
0.632602
0.550148
0.516298
0.617917
0.553306
0.464669
0.642729
0.633306
0.526259
0.667288
0.560335
0.632714
0.636224
0.582547
0.715425
0.541667
0.682546
0.613244
0.542564
0.601002
0.634011
0.500761
0.485488
0.609146
0.691582
0.508489
0.676483
0.646957
0.566648
0.631594
0.644820
0.514923
0.639495
0.527941
0.576627
0.624822
0.598231
0.448958
0.673538
0.593181
0.567484
0.550231
0.478877
0.605710
0.632933
0.578084
0.625072
0.882424
0.791042
0.551544
0.632521
0.591413
0.745236
0.828277
0.748710
0.745497
0.690277
0.671457
0.808989
0.694537
0.542604
0.706095
0.473443
0.541165
0.589725
0.651269
0.615316
0.623457
0.609729
0.462890
0.541027
0.804260
0.681029
0.516784
0.654004
0.566942
0.506099
0.608809
0.528884
0.694625
0.465316
0.600284
0.722804
0.587879
0.665735
0.565743
0.632640
0.443614
0.612333
0.602631
0.562365
0.629683
0.635196
0.634120
0.754799
0.632106
0.854058
0.564971
0.506364
0.621387
0.551624
0.497353
0.564312
0.816708
0.540254
0.817593
0.538175
0.604456
0.587328
0.688375
0.437970
0.608195
0.576030
0.574785
0.545312
0.632367
0.767481
0.523231
0.641955
0.559534
0.581226
0.675832
0.604484
0.526281
0.460812
0.669204
0.769105
0.586278
0.535528
0.509132
0.448581
0.473289
0.602524
0.593714
0.434335
0.438225
0.402222
0.676768
0.512001
0.577337
0.526287
0.806113
0.474095
0.493902
0.576387
0.656186
0.577689
0.733840
0.613592
0.713431
0.574122
0.606635
0.593851
0.552387
0.635592
0.505677
0.610449
0.625372
0.618819
0.501045
0.586822
0.502469
0.546712
0.571732
0.654096
0.672394
0.604013
0.826237
0.647474
0.665112
0.553589
0.368822
0.514791
0.454729
0.559846
0.680018
0.613748
0.577849
0.621213
0.635667
0.584759
0.541111
0.562189
0.543521
0.593747
0.597119
0.531836
0.830124
0.761572
0.535751
0.485285
0.535114
0.620008
0.433549
0.552688
0.590911
0.539493
0.586785
0.610722
0.567721
0.512100
0.603649
0.527595
0.467024
0.503573
0.772994
0.559210
0.543355
0.549322
0.516738
0.537035
0.643395
0.551409
0.716957
0.529841
0.484031
0.723309
0.597404
0.876646
0.617417
0.702124
0.709391
0.468278
0.556344
0.657669
0.600537
0.539369
0.597626
0.587075
0.653938
0.527848
0.508494
0.559713
0.711395
0.525133
0.596111
0.482553
0.645264
0.686317
0.668847
0.472687
0.654323
0.485766
0.606649
0.489379
0.720993
0.455603
0.411218
0.443436
0.627619
0.550421
0.603245
0.558282
0.602264
0.654888
0.426827
0.568714
0.529522
0.562882
0.434689
0.426017
0.487992
0.598330
0.559789
0.577473
0.600202
0.621124
0.610301
0.537700
0.456734
0.752785
0.408968
0.608494
0.601415
0.610553
0.711370
0.684733
0.545462
0.715483
0.663923
0.485644
0.522595
0.767989
0.435221
0.520745
0.429689
0.554115
0.727389
0.692160
0.710645
0.550673
0.580403
0.588650
0.578821
0.445750
0.497786
0.703603
0.585896
0.519895
0.542275
0.463951
0.596027
0.604909
0.563315
0.659200
0.392760
0.627084
0.597263
0.626345
0.403280
0.472935
0.598208
0.565870
0.441433
0.683235
0.644106
0.463307
0.655377
0.387353
0.774850
0.589539
0.516754
0.469166
0.464569
0.574600
0.626081
0.491744
0.697713
0.619656
0.690142
0.531503
0.651177
0.639088
0.611349
0.470992
0.455958
0.549946
0.543434
0.652282
0.539428
0.597134
0.573519
0.517136
0.410738
0.624380
0.535430
0.687310
0.651754
0.603841
0.645850
0.593259
0.675445
0.677131
0.478132
0.520781
0.740338
0.504307
0.661277
0.603205
0.717810
0.753341
0.487737
0.546350
0.629892
0.536058
0.571601
0.571880
0.603798
0.541621
0.683165
0.387336
0.472280
0.450993
0.574514
0.559054
0.603607
0.451969
0.430675
0.694656
0.522532
0.485891
0.474451
0.636803
0.598186
0.596388
0.549915
0.596246
0.530061
0.595446
0.557133
0.785228
0.519196
0.751028
0.526658
0.547575
0.495649
0.581196
0.600699
0.618184
0.618166
0.506747
0.660391
0.601988
0.560724
0.569510
0.481123
0.598211
0.617677
0.591781
0.561127
0.482160
0.399085
0.493070
0.458124
0.551200
0.880528
0.582313
0.471997
0.687033
0.531226
0.575741
0.532318
0.642869
0.460356
0.445159
0.524663
0.751087
0.592318
0.620630
0.716285
0.583941
0.602227
0.577777
0.456760
0.500195
0.498094
0.635399
0.527224
0.452092
0.551153
0.681547
0.753188
0.671811
0.695088
0.641503
0.469933
0.588322
0.562243
0.471745
0.589219
0.517022
0.523988
0.531050
0.590265
0.544610
0.571554
0.436076
0.589688
0.540375
0.717026
0.560710
0.667649
0.417777
0.553766
0.524368
0.535075
0.644054
0.613707
0.637502
0.737079
0.535823
0.517417
0.572136
0.721058
0.561703
0.706176
0.563386
0.615662
0.505514
0.430052
0.494366
0.707875
0.693644
0.464734
0.477093
0.511670
0.540360
0.498227
0.554570
0.456051
0.672738
0.467046
0.422278
0.484381
0.489219
0.486424
0.521538
0.620783
0.495348
0.721084
0.440698
0.531982
0.673729
0.690112
0.485376
0.631071
0.589211
0.561365
0.564657
0.649828
0.560476
0.554328
0.556634
0.526866
0.482545
0.488443
0.391582
0.441910
0.584251
0.642033
0.735923
0.521000
0.478406
0.410953
0.545353
0.493927
0.494210
0.297353
0.572467
0.549461
0.538492
0.396269
0.443957
0.501979
0.502082
0.449905
0.435551
0.523939
0.678536
0.521868
0.442286
0.827060
0.444332
0.731714
0.528212
0.504047
0.494454
0.570934
0.576800
0.545140
0.536208
0.676777
0.645618
0.404701
0.503103
0.474077
0.693942
0.444965
0.576344
0.612320
0.531866
0.447230
0.500920
0.706940
0.609922
0.499667
0.585652
0.451646
0.544981
0.567252
0.523529
0.531125
0.411729
0.769252
0.529204
0.578137
0.440063
0.624953
0.540395
0.528412
0.561279
0.589903
0.445001
0.486999
0.522741
0.640278
0.594301
0.564099
0.642574
0.596029
0.686300
0.557105
0.538582
0.525693
0.626871
0.635377
0.674126
0.589156
0.690715
0.465513
0.646956
0.541427
0.598857
0.797646
0.597682
0.516442
0.614442
0.625668
0.522376
0.500412
0.489727
0.536348
0.568127
0.446875
0.527440
0.507960
0.623431
0.441761
0.598668
0.407784
0.559736
0.452142
0.523648
0.518991
0.609159
0.521959
0.854474
0.697196
0.633307
0.542241
0.533357
0.454336
0.505351
0.474432
0.411856
0.426928
0.549152
0.530963
0.503650
0.475003
0.507651
0.614183
0.485034
0.428113
0.489900
0.523475
0.486408
0.443660
0.617796
0.555769
0.636345
0.459859
0.523861
0.655201
0.401962
0.603287
0.559156
0.614203
0.521043
0.680978
0.613287
0.421144
0.442825
0.524671
0.570258
0.324450
0.564365
0.575165
0.554915
0.542652
0.774474
0.553717
0.483174
0.510809
0.480124
0.518077
0.463706
0.486920
0.458750
0.460217
0.527682
0.587534
0.482433
0.657151
0.618646
0.601829
0.593505
0.594808
0.761743
0.628321
0.640831
0.434831
0.359091
0.659800
0.644879
0.598530
0.417365
0.542918
0.530464
0.695263
0.515705
0.486465
0.449711
0.599400
0.520185
0.566229
0.528278
0.532393
0.434010
0.522186
0.459884
0.384785
0.549119
0.420258
0.693320
0.630336
0.551363
0.544621
0.558753
0.682836
0.493696
0.492478
0.403119
0.567241
0.559676
0.650828
0.432181
0.661291
0.621960
0.482833
0.453856
0.705619
0.437670
0.465075
0.397998
0.484053
0.499252
0.519378
0.488423
0.535433
0.445857
0.419594
0.588922
0.765658
0.597284
0.533673
0.515166
0.505513
0.553876
0.611571
0.484773
0.461732
0.433147
0.483888
0.636241
0.646375
0.592806
0.463491
0.522237
0.684882
0.710448
0.404668
0.601101
0.499862
0.521633
0.463851
0.536065
0.571971
0.535954
0.546992
0.667728
0.568659
0.583376
0.791532
0.594490
0.590836
0.638729
0.544798
0.767334
0.654066
0.458069
0.382612
0.658278
0.477079
0.528905
0.555453
0.612778
0.535516
0.570592
0.433198
0.585522
0.550102
0.643215
0.557606
0.592897
0.548975
0.539878
0.557660
0.585426
0.624126
0.583365
0.464731
0.640456
0.603674
0.477542
0.538379
0.724555
0.624896
0.552557
0.380346
0.450804
0.616769
0.494063
0.569893
0.544002
0.588346
0.557098
0.458872
0.609071
0.664077
0.624783
0.471795
0.447579
0.420203
0.527703
0.398164
0.493779
0.522708
0.691520
0.539461
0.696790
0.499075
0.408670
0.623193
0.454294
0.587403
0.731414
0.654013
0.550668
0.554351
0.545719
0.590524
0.466379
0.647097
0.643256
0.555119
0.619618
0.666998
0.621218
0.687452
0.361277
0.628314
0.580250
0.663905
0.665766
0.450498
0.494002
0.518926
0.551167
0.507139
0.596019
0.512952
0.602875
0.577204
0.492730
0.603067
0.588667
0.349893
0.404706
0.473990
0.606358
0.491228
0.632085
0.655772
0.545485
0.699819
0.459259
0.739185
0.528570
0.626962
0.740902
0.675627
0.649536
0.785294
0.533139
0.487920
0.633688
0.579483
0.494758
0.632700
0.464074
0.621065
0.603193
0.620835
0.480195
0.543353
0.598588
0.687405
0.499138
0.390277
0.688546
0.619149
0.589511
0.706296
0.432657
0.518715
0.573794
0.532671
0.795280
0.517721
0.653784
0.567352
0.607165
0.539195
0.488514
0.593481
0.636742
0.459135
0.556454
0.563806
0.723400
0.486301
0.616048
0.408086
0.366384
0.436764
0.400043
0.494198
0.596878
0.524360
0.488038
0.443544
0.631152
0.441647
0.513712
0.449223
0.420203
0.440460
0.535409
0.487550
0.505581
0.616202
0.600078
0.503261
0.523288
0.542534
0.502478
0.477290
0.476270
0.468812
0.454162
0.499441
0.494877
0.655101
0.396916
0.552340
0.490072
0.410143
0.701824
0.558347
0.446417
0.724422
0.647994
0.499859
0.608436
0.453500
0.453209
0.498254
0.466838
0.380256
0.418257
0.592529
0.575777
0.466734
0.484096
0.575505
0.637441
0.383946
0.739089
0.393292
0.459586
0.493917
0.537299
0.597784
0.430721
0.477945
0.380116
0.598796
0.423914
0.530128
0.628894
0.499186
0.524563
0.506914
0.505917
0.643809
0.450732
0.485020
0.458395
0.297449
0.654976
0.479384
0.585459
0.610540
0.638488
0.459777
0.547386
0.535740
0.516445
0.474021
0.634820
0.487861
0.709390
0.426802
0.540151
0.483237
0.569827
0.740375
0.653601
0.614745
0.633516
0.519839
0.604596
0.394031
0.634283
0.541374
0.494080
0.459483
0.500218
0.696116
0.433554
0.515985
0.496851
0.719798
0.545466
0.515224
0.621399
0.395466
0.461097
0.679760
0.517125
0.511079
0.748203
0.474663
0.512081
0.560565
0.488853
0.646239
0.562894
0.486412
0.518360
0.513027
0.556031
0.572121
0.601231
0.607648
0.639190
0.576515
0.579415
0.637930
0.466314
0.490853
0.398697
0.622067
0.636582
0.437342
0.489268
0.488111
0.494128
0.501169
0.520157
0.383311
0.385179
0.473429
0.586769
0.535086
0.531152
0.549910
0.470794
0.497871
0.697190
0.499161
0.649759
0.631080
0.524746
0.652836
0.568853
0.551769
0.671035
0.605085
0.583364
0.627701
0.466192
0.546353
0.645883
0.406674
0.557202
0.336121
0.577159
0.517212
0.552036
0.467272
0.530910
0.564391
0.673903
0.576826
0.429367
0.625141
0.597458
0.480011
0.618998
0.400753
0.699376
0.528374
0.664787
0.516335
0.547458
0.484915
0.460350
0.543197
0.480668
0.633927
0.576171
0.554657
0.407783
0.539168
0.509263
0.553547
0.529440
0.489976
0.424673
0.561181
0.650320
0.654085
0.567921
0.371472
0.450684
0.520524
0.535723
0.515793
0.449686
0.493009
0.498568
0.545187
0.614405
0.559362
0.384863
0.550563
0.487829
0.429484
0.642427
0.488265
0.592000
0.424852
0.461977
0.692672
0.545670
0.560619
0.397000
0.668968
0.589431
0.403701
0.445407
0.555878
0.423640
0.570266
0.513014
0.492989
0.501530
0.464479
0.446368
0.548104
0.572819
0.478714
0.686676
0.475400
0.516156
0.498682
0.538385
0.460121
0.499123
0.473979
0.536664
0.426061
0.563486
0.565431
0.540531
0.563869
0.544962
0.400443
0.554862
0.496739
0.389118
0.627737
0.418892
0.641523
0.536298
0.527599
0.535075
0.606405
0.569043
0.536611
0.512722
0.605636
0.667292
0.544546
0.400746
0.505258
0.673877
0.487639
0.531810
0.494237
0.429653
0.582157
0.483027
0.528188
0.588823
0.469404
0.488263
0.350029
0.574268
0.643046
0.477138
0.369077
0.466107
0.514995
0.519747
0.623122
0.390109
0.464226
0.414660
0.508006
0.656000
0.414045
0.485858
0.537856
0.525780
0.611977
0.512926
0.519129
0.610835
0.294129
0.661068
0.484326
0.481653
0.671241
0.556276
0.429520
0.548457
0.326310
0.568175
0.656847
0.645273
0.668368
0.580836
0.489149
0.397683
0.624409
0.495811
0.420971
0.485253
0.563764
0.455123
0.548201
0.492554
0.429567
0.557024
0.522373
0.549312
0.529194
0.473717
0.754454
0.678775
0.457584
0.603503
0.430954
0.603887
0.657347
0.546809
0.599989
0.562783
0.438202
0.467428
0.656016
0.466066
0.579885
0.524267
0.450091
0.800087
0.575011
0.533928
0.469497
0.525574
0.423147
0.395827
0.728502
0.498805
0.407681
0.458688
0.496916
0.679052
0.424759
0.452606
0.637061
0.626610
0.514535
0.448963
0.609575
0.503084
0.509872
0.390664
0.512788
0.664549
0.393093
0.413744
0.512362
0.436084
0.439588
0.392253
0.425089
0.435017
0.415900
0.527992
0.396938
0.503936
0.653285
0.404347
0.440823
0.535578
0.578721
0.376066
0.440750
0.561807
0.367459
0.666377
0.440850
0.379834
0.558418
0.687018
0.476397
0.471554
0.464572
0.546572
0.480663
0.603844
0.406392
0.370063
0.590981
0.609533
0.407746
0.590184
0.505650
0.565130
0.502099
0.544204
0.454285
0.457662
0.417074
0.613553
0.546051
0.559571
0.386431
0.702559
0.492311
0.410569
0.403167
0.564003
0.504537
0.460932
0.433460
0.544532
0.537295
0.467618
0.490814
0.594970
0.665702
0.662900
0.630442
0.413477
0.528630
0.604563
0.390735
0.658413
0.543189
0.437706
0.574579
0.425065
0.518240
0.564942
0.249517
0.463395
0.383274
0.616593
0.446684
0.604481
0.327082
0.381762
0.485753
0.413384
0.449317
0.565611
0.456883
0.520676
0.462780
0.498587
0.479372
0.648594
0.479572
0.594530
0.258836
0.500195
0.582455
0.671779
0.670738
0.548263
0.617879
0.500086
0.527751
0.534088
0.528571
0.646701
0.558115
0.437806
0.493398
0.483991
0.754264
0.443658
0.400327
0.581470
0.433918
0.492114
0.648289
0.574378
0.562487
0.513405
0.539107
0.462501
0.612728
0.497065
0.535103
0.396673
0.613293
0.472368
0.512418
0.497469
0.530474
0.664800
0.460908
0.750855
0.444024
0.580596
0.481322
0.431562
0.513193
0.495920
0.472811
0.452365
0.459876
0.452793
0.460439
0.467437
0.457399
0.487179
0.469412
0.485282
0.523923
0.402207
0.641013
0.592828
0.510240
0.529863
0.442883
0.446701
0.620085
0.451319
0.470387
0.457174
0.518279
0.418031
0.542253
0.594010
0.489440
0.518173
0.570362
0.366798
0.427139
0.366562
0.627750
0.400888
0.498174
0.504270
0.563429
0.655559
0.623637
0.516395
0.528599
0.470395
0.601592
0.430801
0.505572
0.385126
0.454764
0.529654
0.454266
0.425995
0.429078
0.375040
0.437949
0.609102
0.603371
0.488169
0.469672
0.503888
0.509141
0.585224
0.459593
0.402500
0.396648
0.456898
0.432126
0.575795
0.476678
0.398061
0.525460
0.605972
0.615701
0.597789
0.529221
0.385728
0.676525
0.420104
0.405466
0.459283
0.408648
0.531433
0.378000
0.541821
0.637636
0.425030
0.502850
0.443529
0.480805
0.648859
0.362334
0.496870
0.496725
0.465504
0.408799
0.596167
0.497689
0.534349
0.831786
0.596270
0.403573
0.418570
0.634753
0.451255
0.561748
0.488328
0.416780
0.603263
0.461872
0.610469
0.603873
0.510273
0.497306
0.526175
0.560872
0.373405
0.592926
0.522282
0.429364
0.511858
0.659400
0.573252
0.559993
0.477944
0.476687
0.542592
0.577720
0.505392
0.422608
0.684243
0.455917
0.573157
0.536182
0.460651
0.605654
0.523146
0.608467
0.420377
0.465251
0.558136
0.475608
0.536751
0.727341
0.453776
0.434990
0.437005
0.630307
0.420898
0.461658
0.491440
0.566443
0.483757
0.456617
0.459749
0.488723
0.569122
0.472924
0.511620
0.429289
0.557461
0.464296
0.549393
0.531897
0.444238
0.407614
0.440533
0.530795
0.436715
0.449309
0.423440
0.453047
0.522552
0.522339
0.451323
0.479154
0.536867
0.368757
0.460611
0.500954
0.584309
0.487608
0.507060
0.484981
0.438413
0.486494
0.475689
0.560947
0.413241
0.499731
0.539780
0.571556
0.711843
0.635432
0.649410
0.628276
0.481130
0.415016
0.561419
0.752108
0.639468
0.566298
0.625697
0.517897
0.524383
0.456316
0.508477
0.504608
0.616481
0.415328
0.543785
0.605332
0.593204
0.484730
0.534004
0.552668
0.589516
0.516592
0.577210
0.668791
0.559495
0.622678
0.514777
0.497126
0.441640
0.561533
0.413112
0.723971
0.465742
0.612979
0.646857
0.475350
0.534541
0.460626
0.441096
0.575262
0.548685
0.469176
0.448664
0.574084
0.529392
0.746475
0.508162
0.486710
0.456098
0.582191
0.618292
0.544948
0.501098
0.462090
0.335171
0.370967
0.436776
0.425962
0.427289
0.584871
0.379887
0.291609
0.406559
0.434350
0.541847
0.547328
0.485368
0.436474
0.338234
0.406329
0.449930
0.425929
0.373292
0.671595
0.298242
0.443500
0.547392
0.482985
0.428612
0.589819
0.638732
0.503401
0.441875
0.619715
0.499851
0.461572
0.514608
0.660857
0.590882
0.476647
0.500617
0.662569
0.471096
0.633277
0.467949
0.544877
0.522107
0.593273
0.560832
0.398778
0.395481
0.523499
0.541984
0.609647
0.464337
0.395517
0.270295
0.422225
0.394384
0.421168
0.541382
0.332606
0.682018
0.523766
0.610529
0.550319
0.531125
0.536723
0.526488
0.568588
0.450177
0.560831
0.632807
0.599454
0.493282
0.377278
0.353371
0.454106
0.471941
0.540162
0.514354
0.456104
0.522738
0.235585
0.501146
0.536767
0.507532
0.544579
0.447485
0.442271
0.455050
0.572235
0.486402
0.433215
0.376485
0.462157
0.646625
0.521588
0.436688
0.395742
0.320159
0.469320
0.529303
0.554993
0.508865
0.376365
0.457017
0.606621
0.478658
0.373957
0.511261
0.311502
0.446383
0.640052
0.496735
0.474323
0.445928
0.660811
0.531408
0.478074
0.492109
0.501856
0.372251
0.523189
0.499138
0.538789
0.449080
0.539978
0.542327
0.451809
0.490013
0.518104
0.502432
0.672166
0.533613
0.506980
0.494803
0.377247
0.542947
0.473649
0.780406
0.574799
0.532138
0.439894
0.587581
0.423938
0.563178
0.432831
0.452047
0.617740
0.485091
0.433275
0.459165
0.462301
0.460565
0.467308
0.563690
0.554343
0.431639
0.434654
0.500476
0.694826
0.461936
0.425766
0.720973
0.519177
0.503837
0.651915
0.518710
0.489115
0.300414
0.488519
0.475963
0.351962
0.340942
0.582968
0.587233
0.582277
0.525075
0.445776
0.466363
0.332413
0.464925
0.517280
0.459863
0.437809
0.520356
0.515788
0.364589
0.531069
0.390114
0.558881
0.614441
0.472520
0.435612
0.512250
0.514373
0.633982
0.597144
0.485653
0.433122
0.396856
0.610595
0.575469
0.575785
0.486741
0.520962
0.526440
0.469368
0.331910
0.683190
0.604989
0.422076
0.607480
0.549619
0.602102
0.453129
0.503956
0.454673
0.568130
0.492247
0.320068
0.608931
0.515506
0.589623
0.413904
0.461318
0.586405
0.488203
0.385920
0.368837
0.372338
0.732731
0.558196
0.515692
0.469945
0.424224
0.504028
0.453028
0.630090
0.447521
0.640996
0.611719
0.520300
0.568687
0.432665
0.409441
0.390171
0.517769
0.513639
0.530463
0.536444
0.522286
0.482746
0.527125
0.534648
0.566729
0.465496
0.434994
0.419595
0.550473
0.531701
0.594225
0.527325
0.382300
0.521747
0.485715
0.444682
0.511594
0.532576
0.549307
0.489855
0.548094
0.515806
0.498585
0.513077
0.576941
0.639649
0.426630
0.492824
0.360969
0.502913
0.507678
0.386119
0.472866
0.475382
0.591747
0.551571
0.657275
0.550830
0.457088
0.649207
0.405949
0.468331
0.451449
0.438472
0.572998
0.506360
0.463329
0.547986
0.488945
0.488070
0.470744
0.551097
0.534227
0.414981
0.350071
0.613151
0.433143
0.570407
0.420260
0.347172
0.546004
0.624809
0.422124
0.496142
0.394637
0.355716
0.550966
0.399459
0.419005
0.504757
0.384727
0.417057
0.481176
0.597348
0.477682
0.465061
0.346774
0.442500
0.483123
0.590254
0.459137
0.519835
0.584883
0.466116
0.436850
0.563198
0.437775
0.595465
0.495801
0.541099
0.456121
0.478108
0.597758
0.376970
0.511653
0.644781
0.368176
0.634095
0.250024
0.486125
0.695042
0.597946
0.410199
0.531238
0.470370
0.399943
0.575979
0.416738
0.574602
0.550960
0.561094
0.521487
0.400231
0.521339
0.482488
0.502780
0.385112
0.574361
0.484017
0.474091
0.516044
0.377721
0.379262
0.527201
0.599177
0.487562
0.555974
0.381202
0.486108
0.551442
0.460489
0.537525
0.526815
0.401150
0.490646
0.447024
0.461622
0.648167
0.363777
0.536702
0.424131
0.466915
0.480417
0.413347
0.387942
0.594698
0.621821
0.545500
0.383942
0.393318
0.476242
0.524383
0.580137
0.414784
0.366619
0.572027
0.452126
0.440725
0.482772
0.384442
0.356362
0.325126
0.448186
0.554823
0.695272
0.440354
0.551902
0.424204
0.425539
0.348893
0.508130
0.342663
0.392163
0.468717
0.477030
0.475133
0.543267
0.449874
0.576981
0.437712
0.562037
0.384832
0.512943
0.381834
0.477210
0.513825
0.335153
0.437089
0.523321
0.428826
0.574041
0.409350
0.386087
0.343067
0.463713
0.422451
0.308504
0.494102
0.461189
0.496968
0.388644
0.463770
0.373504
0.302815
0.373975
0.315274
0.521697
0.504697
0.525890
0.444599
0.370921
0.384832
0.557177
0.410971
0.538977
0.356484
0.491117
0.492322
0.509316
0.502465
0.502928
0.514848
0.474744
0.387351
0.498227
0.474267
0.418084
0.468116
0.508124
0.563515
0.547935
0.536815
0.467628
0.502557
0.605672
0.676531
0.476448
0.334297
0.466513
0.468228
0.590410
0.375339
0.411951
0.489579
0.446313
0.364907
0.500691
0.396617
0.611626
0.510064
0.453253
0.361118
0.376555
0.527869
0.570613
0.525525
0.504878
0.397469
0.589226
0.599283
0.474307
0.490894
0.505927
0.453087
0.468952
0.448452
0.393002
0.380902
0.433531
0.306253
0.520199
0.530515
0.566675
0.427588
0.472089
0.452965
0.522320
0.542171
0.521103
0.425748
0.549737
0.449316
0.482549
0.582376
0.381661
0.492787
0.455037
0.438549
0.610870
0.316272
0.364465
0.593626
0.562842
0.482236
0.397183
0.528513
0.571578
0.410704
0.479355
0.472530
0.373173
0.439828
0.463928
0.416741
0.691745
0.492335
0.359510
0.436664
0.361482
0.415753
0.367376
0.550648
0.493149
0.525124
0.377416
0.547861
0.511534
0.581569
0.527841
0.498592
0.639236
0.609556
0.395784
0.464549
0.528995
0.555959
0.563588
0.559286
0.498929
0.522293
0.476488
0.597180
0.526816
0.297664
0.382013
0.422092
0.505657
0.507391
0.572070
0.426899
0.512393
0.348116
0.642831
0.437032
0.571019
0.407765
0.528597
0.409832
0.399869
0.400222
0.294426
0.384130
0.456839
0.436611
0.492861
0.314816
0.396364
0.388437
0.572666
0.556663
0.428871
0.415957
0.515525
0.351739
0.469804
0.647046
0.412371
0.435703
0.668318
0.606464
0.330669
0.633750
0.403474
0.584097
0.602924
0.525995
0.485029
0.470565
0.543099
0.559004
0.463937
0.460920
0.471995
0.552341
0.501655
0.588023
0.528544
0.539458
0.510960
0.655400
0.724433
0.437750
0.359654
0.540413
0.533859
0.742686
0.466371
0.664203
0.691009
0.415453
0.602999
0.461115
0.467693
0.350901
0.520766
0.418783
0.557123
0.408935
0.432925
0.389029
0.496780
0.505003
0.486082
0.436870
0.487960
0.571067
0.501254
0.501871
0.523293
0.401665
0.449150
0.481460
0.546382
0.435308
0.704838
0.526457
0.611033
0.549460
0.570427
0.503749
0.532272
0.461216
0.516431
0.432376
0.561744
0.448977
0.524372
0.565378
0.510433
0.339974
0.461403
0.363759
0.448072
0.668348
0.522484
0.524535
0.497812
0.534267
0.318076
0.613015
0.419803
0.579088
0.507677
0.352528
0.778012
0.440475
0.430179
0.506569
0.313514
0.403468
0.529241
0.565853
0.483422
0.531719
0.459490
0.403701
0.400657
0.578358
0.519338
0.313439
0.392595
0.477929
0.435174
0.393185
0.459698
0.443139
0.372141
0.366070
0.574686
0.350923
0.515194
0.346621
0.283031
0.485218
0.570184
0.442371
0.513801
0.419002
0.437152
0.446310
0.499134
0.440609
0.496357
0.495757
0.451463
0.378412
0.484396
0.528353
0.443063
0.552587
0.631372
0.644308
0.438418
0.513076
0.451411
0.402309
0.567988
0.511817
0.423034
0.435152
0.480947
0.622783
0.446850
0.334771
0.521733
0.389415
0.413163
0.500948
0.407211
0.398905
0.411130
0.430038
0.442671
0.514709
0.390692
0.545138
0.398279
0.463429
0.506188
0.411309
0.371271
0.344279
0.391292
0.488703
0.456038
0.379294
0.435471
0.441401
0.330046
0.440330
0.519831
0.463447
0.449490
0.626503
0.430301
0.441350
0.422540
0.385946
0.597014
0.369935
0.434563
0.344452
0.423041
0.345294
0.435158
0.438673
0.383078
0.408367
0.589130
0.419807
0.457758
0.517200
0.587366
0.337907
0.518548
0.371779
0.469121
0.234584
0.374539
0.482063
0.466393
0.422186
0.401639
0.453721
0.510930
0.512814
0.466588
0.449556
0.450354
0.505583
0.461188
0.424072
0.317580
0.515847
0.477936
0.514244
0.329958
0.417224
0.528793
0.411679
0.418014
0.369825
0.382357
0.474510
0.484835
0.379987
0.506023
0.363222
0.472314
0.479436
0.523409
0.400586
0.517245
0.320778
0.456406
0.557547
0.461690
0.362250
0.396395
0.307085
0.465416
0.448529
0.418871
0.590078
0.320635
0.521412
0.481507
0.551328
0.363112
0.418550
0.451238
0.482975
0.441370
0.527772
0.551342
0.381897
0.570339
0.377822
0.595005
0.414356
0.386554
0.480882
0.411677
0.386584
0.472480
0.330914
0.414919
0.516501
0.506717
0.499744
0.497682
0.482640
0.367173
0.430195
0.667627
0.383406
0.427975
0.435006
0.391723
0.519307
0.409071
0.492233
0.578439
0.343313
0.403518
0.420315
0.398280
0.349529
0.431724
0.565652
0.683771
0.422158
0.360590
0.517255
0.519183
0.518066
0.600692
0.475227
0.546006
0.400997
0.526446
0.359963
0.509449
0.541079
0.499287
0.377510
0.465590
0.366994
0.444957
0.489496
0.271873
0.571220
0.465309
0.532068
0.403446
0.398165
0.384458
0.439088
0.446099
0.449227
0.314414
0.449463
0.490746
0.313254
0.463004
0.371037
0.439382
0.424405
0.546099
0.520857
0.382949
0.427478
0.243898
0.489804
0.529807
0.528108
0.506336
0.332958
0.445193
0.569243
0.635588
0.517246
0.419754
0.405378
0.354257
0.502211
0.530278
0.346082
0.421574
0.466138
0.350254
0.480194
0.483157
0.355229
0.475877
0.527825
0.492080
0.493184
0.409294
0.488105
0.438695
0.356345
0.557357
0.470132
0.478627
0.399689
0.381832
0.497151
0.535984
0.472783
0.486012
0.325338
0.482899
0.344724
0.583660
0.447788
0.513950
0.529174
0.436850
0.572102
0.651707
0.642329
0.448013
0.495221
0.405650
0.662303
0.558444
0.523651
0.465327
0.431637
0.623341
0.375237
0.461246
0.567844
0.384954
0.565081
0.496624
0.497726
0.434689
0.444665
0.572702
0.502346
0.498359
0.553937
0.545163
0.384689
0.473780
0.389268
0.503598
0.466613
0.351643
0.545258
0.466462
0.355558
0.359903
0.441481
0.680401
0.539516
0.468996
0.682412
0.463217
0.497566
0.460998
0.524500
0.484139
0.431231
0.480979
0.345826
0.517302
0.612999
0.312884
0.500093
0.615429
0.652005
0.438926
0.441808
0.474381
0.456408
0.473045
0.497680
0.470900
0.480262
0.357092
0.309667
0.733875
0.472572
0.459058
0.449057
0.417129
0.455677
0.380648
0.409035
0.344847
0.370563
0.512501
0.483723
0.422505
0.560955
0.549601
0.553214
0.417348
0.460772
0.494641
0.507637
0.364170
0.452125
0.520946
0.462024
0.446929
0.626393
0.471143
0.480649
0.343589
0.655159
0.440698
0.492345
0.526805
0.473066
0.549426
0.433249
0.587099
0.424674
0.380264
0.385183
0.469273
0.397112
0.262633
0.466221
0.442816
0.431751
0.671661
0.486811
0.443252
0.406343
0.438161
0.450774
0.383442
0.466643
0.462993
0.490195
0.615704
0.315591
0.390733
0.615493
0.542863
0.553767
0.533690
0.392411
0.532017
0.461307
0.515237
0.559303
0.466226
0.471110
0.439797
0.373309
0.459586
0.397958
0.370920
0.567846
0.508891
0.418807
0.445240
0.390389
0.372497
0.398944
0.435717
0.508497
0.460949
0.398814
0.394897
0.337872
0.340627
0.484629
0.415410
0.370667
0.360630
0.406839
0.493657
0.707167
0.491167
0.496526
0.463293
0.346542
0.348462
0.397970
0.480636
0.422233
0.451896
0.453918
0.426280
0.418570
0.446016
0.508110
0.545118
0.443757
0.382318
0.530259
0.468046
0.357064
0.329339
0.428384
0.433987
0.436852
0.411367
0.416742
0.528408
0.303435
0.547295
0.500481
0.384598
0.521182
0.392344
0.504352
0.406064
0.399004
0.416189
0.272006
0.415867
0.400231
0.428871
0.507055
0.281619
0.423306
0.390366
0.552752
0.473739
0.520732
0.420484
0.510411
0.404540
0.292338
0.482207
0.350044
0.394939
0.373911
0.602839
0.325018
0.620904
0.535917
0.399910
0.362122
0.544866
0.439194
0.485529
0.332566
0.540266
0.475718
0.398025
0.462612
0.351755
0.366828
0.423854
0.456173
0.531091
0.304997
0.534109
0.531066
0.365460
0.442535
0.556125
0.305322
0.462658
0.430585
0.339634
0.517409
0.507786
0.503213
0.402493
0.429585
0.599965
0.502052
0.487350
0.467524
0.542029
0.497073
0.461743
0.633450
0.338039
0.438068
0.391839
0.546302
0.457167
0.433626
0.469615
0.430997
0.354330
0.439384
0.576021
0.419432
0.351317
0.476033
0.491773
0.377080
0.395925
0.427317
0.397012
0.424198
0.399287
0.424970
0.447013
0.525293
0.466856
0.369239
0.474288
0.498727
0.454160
0.685011
0.425870
0.494628
0.437545
0.531652
0.525756
0.541873
0.361495
0.421501
0.612538
0.371606
0.360139
0.372926
0.344545
0.401577
0.465812
0.386684
0.569206
0.465185
0.468336
0.406388
0.436135
0.384917
0.600735
0.617022
0.378427
0.554798
0.314713
0.794400
0.344510
0.395578
0.513263
0.440078
0.500214
0.507425
0.446359
0.456055
0.502009
0.489868
0.456313
0.525480
0.346424
0.415914
0.497034
0.416195
0.517945
0.501499
0.369780
0.465629
0.427067
0.506935
0.413322
0.398888
0.406258
0.332479
0.437726
0.401310
0.342273
0.357449
0.495492
0.469548
0.401923
0.309449
0.303426
0.290564
0.484111
0.453812
0.405696
0.363250
0.263169
0.398071
0.458072
0.477523
0.614410
0.412824
0.472237
0.355846
0.306639
0.331869
0.485199
0.431134
0.251405
0.534509
0.356748
0.270479
0.400114
0.363656
0.329721
0.475805
0.471291
0.476970
0.331239
0.352260
0.398580
0.571676
0.401320
0.457254
0.484008
0.439177
0.419455
0.394567
0.315743
0.451821
0.396574
0.419016
0.401981
0.263029
0.418177
0.560579
0.536171
0.388059
0.548405
0.514008
0.503758
0.362445
0.429801
0.458866
0.346533
0.393547
0.378301
0.323333
0.739908
0.700036
0.464177
0.457162
0.484399
0.475220
0.485404
0.464896
0.669804
0.430079
0.598624
0.536388
0.361388
0.558480
0.366329
0.476138
0.489282
0.522179
0.427006
0.503157
0.628505
0.451420
0.294594
0.398965
0.372550
0.394704
0.488605
0.451309
0.584709
0.390707
0.359504
0.477258
0.579039
0.441419
0.438095
0.517056
0.538758
0.454683
0.361156
0.399247
0.453831
0.276194
0.512278
0.479454
0.517424
0.328486
0.385200
0.456752
0.565605
0.328297
0.359366
0.578337
0.569595
0.483295
0.329666
0.223495
0.448986
0.438834
0.389980
0.268235
0.493768
0.516932
0.509627
0.418634
0.474951
0.503598
0.430752
0.497131
0.442651
0.536840
0.484265
0.373803
0.557148
0.505508
0.395702
0.569537
0.397897
0.528672
0.417857
0.409583
0.502906
0.420170
0.361298
0.468641
0.458581
0.509990
0.453075
0.414419
0.404813
0.543454
0.425379
0.508146
0.487180
0.492726
0.397280
0.609219
0.512612
0.430490
0.497016
0.437941
0.493333
0.593706
0.423054
0.472967
0.405508
0.533188
0.519822
0.540499
0.584367
0.326943
0.457469
0.583615
0.505375
0.366181
0.381726
0.450478
0.414632
0.553435
0.317509
0.294717
0.565713
0.557920
0.595288
0.387939
0.293034
0.491359
0.377926
0.633109
0.499678
0.395791
0.341343
0.573420
0.515792
0.504800
0.441345
0.490598
0.455813
0.372744
0.446083
0.427416
0.509027
0.568258
0.439868
0.348333
0.467114
0.452944
0.454527
0.249721
0.571940
0.528390
0.434327
0.346243
0.480062
0.517310
0.351713
0.549217
0.405901
0.374917
0.555856
0.461102
0.419198
0.340439
0.407828
0.352372
0.407932
0.590386
0.431007
0.327752
0.492361
0.481225
0.500459
0.280231
0.523617
0.334307
0.415496
0.338204
0.441007
0.351530
0.428146
0.407154
0.742465
0.377590
0.456477
0.306983
0.354549
0.421020
0.452323
0.563865
0.584915
0.463380
0.398375
0.489127
0.402343
0.545382
0.450926
0.442553
0.447089
0.412668
0.356276
0.479483
0.410846
0.435804
0.501006
0.418215
0.366293
0.387914
0.470900
0.460386
0.516972
0.376575
0.312936
0.392470
0.338426
0.547229
0.479588
0.372490
0.378064
0.422104
0.446037
0.338020
0.722628
0.308409
0.407677
0.413006
0.512321
0.398126
0.376687
0.639492
0.421575
0.485946
0.517485
0.423184
0.494904
0.345107
0.420446
0.546960
0.314607
0.454036
0.475438
0.410105
0.401036
0.385185
0.452609
0.473279
0.326880
0.400649
0.325390
0.460703
0.502403
0.358102
0.446282
0.400878
0.424623
0.252550
0.557408
0.505778
0.402662
0.284758
0.412774
0.443781
0.456642
0.444246
0.405592
0.387549
0.532709
0.401304
0.428029
0.254070
0.308271
0.354250
0.342661
0.502924
0.391782
0.468569
0.471138
0.385601
0.434411
0.408231
0.397922
0.382304
0.373912
0.389705
0.310181
0.440716
0.389762
0.537959
0.391877
0.504283
0.502500
0.394946
0.404735
0.439970
0.415642
0.383907
0.526948
0.495752
0.472643
0.454118
0.516197
0.486930
0.547684
0.468253
0.390573
0.467260
0.520875
0.511289
0.530923
0.485889
0.528953
0.518980
0.328605
0.398181
0.420495
0.466960
0.347414
0.245956
0.444003
0.524456
0.486547
0.465486
0.405420
0.411895
0.326515
0.643821
0.549792
0.356406
0.444443
0.627818
0.529614
0.528802
0.517696
0.279053
0.494609
0.469922
0.358639
0.501132
0.294339
0.474025
0.547351
0.400432
0.503178
0.419312
0.451039
0.485754
0.377232
0.463545
0.327798
0.373840
0.354659
0.590946
0.385377
0.476490
0.459911
0.360043
0.394998
0.483264
0.451715
0.538337
0.492248
0.416740
0.611940
0.416086
0.347142
0.454957
0.460283
0.351602
0.440682
0.454966
0.414588
0.454276
0.307876
0.374051
0.559552
0.440175
0.447430
0.481162
0.314853
0.434471
0.527527
0.481475
0.391246
0.426542
0.387771
0.362553
0.368302
0.434675
0.403814
0.513301
0.360902
0.345986
0.473013
0.600894
0.346137
0.307865
0.368307
0.467099
0.368813
0.503649
0.399076
0.492521
0.442307
0.285359
0.403098
0.406555
0.365835
0.345657
0.366915
0.374361
0.353683
0.344036
0.621336
0.313260
0.477175
0.505219
0.444371
0.376967
0.341438
0.456186
0.415756
0.344266
0.408447
0.440242
0.380764
0.470106
0.475375
0.457625
0.443384
0.429171
0.473263
0.311917
0.485626
0.522575
0.358789
0.334452
0.448620
0.512782
0.500218
0.356319
0.448744
0.536451
0.500014
0.401844
0.466946
0.325960
0.326984
0.515681
0.537390
0.451487
0.584013
0.403219
0.389578
0.478549
0.616498
0.354279
0.442700
0.454299
0.531819
0.346117
0.364626
0.490215
0.420263
0.512471
0.510508
0.379347
0.481377
0.360920
0.394440
0.376222
0.422469
0.487673
0.446940
0.406509
0.455957
0.536183
0.422330
0.299826
0.556669
0.402010
0.358254
0.367825
0.462872
0.536933
0.454056
0.533524
0.365001
0.311354
0.430612
0.458986
0.427136
0.633257
0.398753
0.388047
0.579569
0.445715
0.493618
0.544245
0.524895
0.502341
0.473666
0.552651
0.493770
0.490727
0.504966
0.345487
0.461340
0.504496
0.339832
0.388469
0.474366
0.413806
0.502239
0.492360
0.444182
0.363679
0.392286
0.501828
0.409139
0.543532
0.533772
0.396807
0.334212
0.596603
0.389457
0.316078
0.549930
0.663508
0.319204
0.460232
0.496974
0.476682
0.554137
0.405142
0.374040
0.450203
0.533497
0.382405
0.344466
0.457633
0.395703
